1.000000000000000000e+00 0.000000000000000000e+00 0.000000000000000000e+00 2.037581000000000114e-03 0.000000000000000000e+00 1.000000000000000000e+00 0.000000000000000000e+00 -6.302800999999999543e-02 0.000000000000000000e+00 0.000000000000000000e+00 1.000000000000000000e+00 3.941730000000000178e+00
1.000000000000000000e+00 0.000000000000000000e+00 0.000000000000000000e+00 2.346424422594604597e-01 0.000000000000000000e+00 1.000000000000000000e+00 0.000000000000000000e+00 -8.983542250514983674e-02 0.000000000000000000e+00 0.000000000000000000e+00 1.000000000000000000e+00 4.747209407310485574e+00
1.000000000000000000e+00 0.000000000000000000e+00 0.000000000000000000e+00 3.792927227350769148e-01 0.000000000000000000e+00 1.000000000000000000e+00 0.000000000000000000e+00 -1.092839524340724899e-01 0.000000000000000000e+00 0.000000000000000000e+00 1.000000000000000000e+00 5.640968240718841287e+00
1.000000000000000000e+00 0.000000000000000000e+00 0.000000000000000000e+00 4.887580088707504378e-01 0.000000000000000000e+00 1.000000000000000000e+00 0.000000000000000000e+00 -1.253299642545080139e-01 0.000000000000000000e+00 0.000000000000000000e+00 1.000000000000000000e+00 6.469318009834289285e+00
1.000000000000000000e+00 0.000000000000000000e+00 0.000000000000000000e+00 6.482902578445968178e-01 0.000000000000000000e+00 1.000000000000000000e+00 0.000000000000000000e+00 -1.469448734265661194e-01 0.000000000000000000e+00 0.000000000000000000e+00 1.000000000000000000e+00 7.149235762577056619e+00
1.000000000000000000e+00 0.000000000000000000e+00 0.000000000000000000e+00 8.237348012062606362e-01 0.000000000000000000e+00 1.000000000000000000e+00 0.000000000000000000e+00 -1.616402495843267395e-01 0.000000000000000000e+00 0.000000000000000000e+00 1.000000000000000000e+00 7.905959941368102761e+00
1.000000000000000000e+00 0.000000000000000000e+00 0.000000000000000000e+00 9.769053421351012734e-01 0.000000000000000000e+00 1.000000000000000000e+00 0.000000000000000000e+00 -1.828109979820346787e-01 0.000000000000000000e+00 0.000000000000000000e+00 1.000000000000000000e+00 8.612520195465087625e+00
1.000000000000000000e+00 0.000000000000000000e+00 0.000000000000000000e+00 1.157850500139862016e+00 0.000000000000000000e+00 1.000000000000000000e+00 0.000000000000000000e+00 -2.047772597712373688e-01 0.000000000000000000e+00 0.000000000000000000e+00 1.000000000000000000e+00 9.540555335502624246e+00
1.000000000000000000e+00 0.000000000000000000e+00 0.000000000000000000e+00 1.156334171015292123e+00 0.000000000000000000e+00 1.000000000000000000e+00 0.000000000000000000e+00 -2.218323987168168976e-01 0.000000000000000000e+00 0.000000000000000000e+00 1.000000000000000000e+00 1.050619671485900852e+01
1.000000000000000000e+00 0.000000000000000000e+00 0.000000000000000000e+00 1.172815466243296578e+00 0.000000000000000000e+00 1.000000000000000000e+00 0.000000000000000000e+00 -2.508962009292936557e-01 0.000000000000000000e+00 0.000000000000000000e+00 1.000000000000000000e+00 1.135317716739654514e+01
1.000000000000000000e+00 0.000000000000000000e+00 0.000000000000000000e+00 1.254405649322539285e+00 0.000000000000000000e+00 1.000000000000000000e+00 0.000000000000000000e+00 -2.754485797327852481e-01 0.000000000000000000e+00 0.000000000000000000e+00 1.000000000000000000e+00 1.238450548789978001e+01
1.000000000000000000e+00 0.000000000000000000e+00 0.000000000000000000e+00 1.166456030625372842e+00 0.000000000000000000e+00 1.000000000000000000e+00 0.000000000000000000e+00 -2.812560591106212371e-01 0.000000000000000000e+00 0.000000000000000000e+00 1.000000000000000000e+00 1.340934405467987034e+01
1.000000000000000000e+00 0.000000000000000000e+00 0.000000000000000000e+00 1.262466715592413857e+00 0.000000000000000000e+00 1.000000000000000000e+00 0.000000000000000000e+00 -3.043346925829446548e-01 0.000000000000000000e+00 0.000000000000000000e+00 1.000000000000000000e+00 1.441684994838714573e+01
1.000000000000000000e+00 0.000000000000000000e+00 0.000000000000000000e+00 1.503741266149550393e+00 0.000000000000000000e+00 1.000000000000000000e+00 0.000000000000000000e+00 -3.308262712513005965e-01 0.000000000000000000e+00 0.000000000000000000e+00 1.000000000000000000e+00 1.532091126583099339e+01
1.000000000000000000e+00 0.000000000000000000e+00 0.000000000000000000e+00 1.726730005759268716e+00 0.000000000000000000e+00 1.000000000000000000e+00 0.000000000000000000e+00 -3.580280727897680038e-01 0.000000000000000000e+00 0.000000000000000000e+00 1.000000000000000000e+00 1.613856736562728855e+01
1.000000000000000000e+00 0.000000000000000000e+00 0.000000000000000000e+00 1.851093219536810830e+00 0.000000000000000000e+00 1.000000000000000000e+00 0.000000000000000000e+00 -3.860461785648858779e-01 0.000000000000000000e+00 0.000000000000000000e+00 1.000000000000000000e+00 1.682672248027801487e+01
1.000000000000000000e+00 0.000000000000000000e+00 0.000000000000000000e+00 1.940601149517565682e+00 0.000000000000000000e+00 1.000000000000000000e+00 0.000000000000000000e+00 -4.075631759320295089e-01 0.000000000000000000e+00 0.000000000000000000e+00 1.000000000000000000e+00 1.752022103212356541e+01
1.000000000000000000e+00 0.000000000000000000e+00 0.000000000000000000e+00 1.857865283209353402e+00 0.000000000000000000e+00 1.000000000000000000e+00 0.000000000000000000e+00 -4.149355501127338641e-01 0.000000000000000000e+00 0.000000000000000000e+00 1.000000000000000000e+00 1.821216461799621555e+01
1.000000000000000000e+00 0.000000000000000000e+00 0.000000000000000000e+00 1.888994270879298165e+00 0.000000000000000000e+00 1.000000000000000000e+00 0.000000000000000000e+00 -4.326073680263853305e-01 0.000000000000000000e+00 0.000000000000000000e+00 1.000000000000000000e+00 1.927758500717163059e+01
1.000000000000000000e+00 0.000000000000000000e+00 0.000000000000000000e+00 1.850529650169878915e+00 0.000000000000000000e+00 1.000000000000000000e+00 0.000000000000000000e+00 -4.512844629776573413e-01 0.000000000000000000e+00 0.000000000000000000e+00 1.000000000000000000e+00 2.046874675891876194e+01
1.000000000000000000e+00 0.000000000000000000e+00 0.000000000000000000e+00 1.851249337139993623e+00 0.000000000000000000e+00 1.000000000000000000e+00 0.000000000000000000e+00 -4.695200830888843768e-01 0.000000000000000000e+00 0.000000000000000000e+00 1.000000000000000000e+00 2.171844623229980442e+01
1.000000000000000000e+00 0.000000000000000000e+00 0.000000000000000000e+00 1.816839113775163606e+00 0.000000000000000000e+00 1.000000000000000000e+00 0.000000000000000000e+00 -4.728525671367442840e-01 0.000000000000000000e+00 0.000000000000000000e+00 1.000000000000000000e+00 2.263940487049102757e+01
1.000000000000000000e+00 0.000000000000000000e+00 0.000000000000000000e+00 1.965821996274858430e+00 0.000000000000000000e+00 1.000000000000000000e+00 0.000000000000000000e+00 -5.166585388784206145e-01 0.000000000000000000e+00 0.000000000000000000e+00 1.000000000000000000e+00 2.350737950942993137e+01
1.000000000000000000e+00 0.000000000000000000e+00 0.000000000000000000e+00 2.001909360233216972e+00 0.000000000000000000e+00 1.000000000000000000e+00 0.000000000000000000e+00 -5.442646722500121825e-01 0.000000000000000000e+00 0.000000000000000000e+00 1.000000000000000000e+00 2.443788561962127659e+01
1.000000000000000000e+00 0.000000000000000000e+00 0.000000000000000000e+00 2.283910885396867485e+00 0.000000000000000000e+00 1.000000000000000000e+00 0.000000000000000000e+00 -5.769841539864337676e-01 0.000000000000000000e+00 0.000000000000000000e+00 1.000000000000000000e+00 2.513865289829254124e+01
1.000000000000000000e+00 0.000000000000000000e+00 0.000000000000000000e+00 2.400489419642358513e+00 0.000000000000000000e+00 1.000000000000000000e+00 0.000000000000000000e+00 -6.037350538377559417e-01 0.000000000000000000e+00 0.000000000000000000e+00 1.000000000000000000e+00 2.614699421070098850e+01
1.000000000000000000e+00 0.000000000000000000e+00 0.000000000000000000e+00 2.501456752363115044e+00 0.000000000000000000e+00 1.000000000000000000e+00 0.000000000000000000e+00 -6.367528419201171630e-01 0.000000000000000000e+00 0.000000000000000000e+00 1.000000000000000000e+00 2.702579955003738377e+01
1.000000000000000000e+00 0.000000000000000000e+00 0.000000000000000000e+00 2.386389620545774193e+00 0.000000000000000000e+00 1.000000000000000000e+00 0.000000000000000000e+00 -6.479419338707721465e-01 0.000000000000000000e+00 0.000000000000000000e+00 1.000000000000000000e+00 2.766600374124526951e+01
1.000000000000000000e+00 0.000000000000000000e+00 0.000000000000000000e+00 2.236380629185109825e+00 0.000000000000000000e+00 1.000000000000000000e+00 0.000000000000000000e+00 -6.754953320328986877e-01 0.000000000000000000e+00 0.000000000000000000e+00 1.000000000000000000e+00 2.822239140413284275e+01
1.000000000000000000e+00 0.000000000000000000e+00 0.000000000000000000e+00 1.999708615187078209e+00 0.000000000000000000e+00 1.000000000000000000e+00 0.000000000000000000e+00 -6.733868573051786655e-01 0.000000000000000000e+00 0.000000000000000000e+00 1.000000000000000000e+00 2.894061396263122532e+01
1.000000000000000000e+00 0.000000000000000000e+00 0.000000000000000000e+00 1.827407471779256554e+00 0.000000000000000000e+00 1.000000000000000000e+00 0.000000000000000000e+00 -6.798827638109123939e-01 0.000000000000000000e+00 0.000000000000000000e+00 1.000000000000000000e+00 2.990745834253311131e+01
1.000000000000000000e+00 0.000000000000000000e+00 0.000000000000000000e+00 1.686542369368940086e+00 0.000000000000000000e+00 1.000000000000000000e+00 0.000000000000000000e+00 -6.832177661550140613e-01 0.000000000000000000e+00 0.000000000000000000e+00 1.000000000000000000e+00 3.057868007562637302e+01
1.000000000000000000e+00 0.000000000000000000e+00 0.000000000000000000e+00 1.500519908908277245e+00 0.000000000000000000e+00 1.000000000000000000e+00 0.000000000000000000e+00 -6.677709523779249423e-01 0.000000000000000000e+00 0.000000000000000000e+00 1.000000000000000000e+00 3.118479565523147556e+01
1.000000000000000000e+00 0.000000000000000000e+00 0.000000000000000000e+00 1.422521784845262260e+00 0.000000000000000000e+00 1.000000000000000000e+00 0.000000000000000000e+00 -6.601657983106470340e-01 0.000000000000000000e+00 0.000000000000000000e+00 1.000000000000000000e+00 3.193971959493637058e+01
1.000000000000000000e+00 0.000000000000000000e+00 0.000000000000000000e+00 1.094806119743257256e+00 0.000000000000000000e+00 1.000000000000000000e+00 0.000000000000000000e+00 -6.445344746303653949e-01 0.000000000000000000e+00 0.000000000000000000e+00 1.000000000000000000e+00 3.279881671808242771e+01
1.000000000000000000e+00 0.000000000000000000e+00 0.000000000000000000e+00 7.611012607249314499e-01 0.000000000000000000e+00 1.000000000000000000e+00 0.000000000000000000e+00 -6.272069275570011371e-01 0.000000000000000000e+00 0.000000000000000000e+00 1.000000000000000000e+00 3.356660947940826389e+01
1.000000000000000000e+00 0.000000000000000000e+00 0.000000000000000000e+00 5.122452228697831345e-01 0.000000000000000000e+00 1.000000000000000000e+00 0.000000000000000000e+00 -6.189866945338344806e-01 0.000000000000000000e+00 0.000000000000000000e+00 1.000000000000000000e+00 3.413525114200592014e+01
1.000000000000000000e+00 0.000000000000000000e+00 0.000000000000000000e+00 2.372262626322800827e-01 0.000000000000000000e+00 1.000000000000000000e+00 0.000000000000000000e+00 -6.201134677235877746e-01 0.000000000000000000e+00 0.000000000000000000e+00 1.000000000000000000e+00 3.515030095718383762e+01
1.000000000000000000e+00 0.000000000000000000e+00 0.000000000000000000e+00 -6.461526459130695343e-02 0.000000000000000000e+00 1.000000000000000000e+00 0.000000000000000000e+00 -6.107137779896056884e-01 0.000000000000000000e+00 0.000000000000000000e+00 1.000000000000000000e+00 3.609281835697174046e+01
1.000000000000000000e+00 0.000000000000000000e+00 0.000000000000000000e+00 -2.132576704588835526e-01 0.000000000000000000e+00 1.000000000000000000e+00 0.000000000000000000e+00 -6.226279902462756866e-01 0.000000000000000000e+00 0.000000000000000000e+00 1.000000000000000000e+00 3.703513745210647556e+01
1.000000000000000000e+00 0.000000000000000000e+00 0.000000000000000000e+00 -5.720883310404722977e-01 0.000000000000000000e+00 1.000000000000000000e+00 0.000000000000000000e+00 -6.296347523298955196e-01 0.000000000000000000e+00 0.000000000000000000e+00 1.000000000000000000e+00 3.798518524311065647e+01
1.000000000000000000e+00 0.000000000000000000e+00 0.000000000000000000e+00 -8.461289704409544754e-01 0.000000000000000000e+00 1.000000000000000000e+00 0.000000000000000000e+00 -6.290822196011340850e-01 0.000000000000000000e+00 0.000000000000000000e+00 1.000000000000000000e+00 3.872929403923034641e+01
1.000000000000000000e+00 0.000000000000000000e+00 0.000000000000000000e+00 -1.048757389244169502e+00 0.000000000000000000e+00 1.000000000000000000e+00 0.000000000000000000e+00 -6.175948492442167037e-01 0.000000000000000000e+00 0.000000000000000000e+00 1.000000000000000000e+00 3.947939095638275120e+01
1.000000000000000000e+00 0.000000000000000000e+00 0.000000000000000000e+00 -1.269871652182668953e+00 0.000000000000000000e+00 1.000000000000000000e+00 0.000000000000000000e+00 -6.264741811160838836e-01 0.000000000000000000e+00 0.000000000000000000e+00 1.000000000000000000e+00 4.035914991043090794e+01
1.000000000000000000e+00 0.000000000000000000e+00 0.000000000000000000e+00 -1.404682561811537056e+00 0.000000000000000000e+00 1.000000000000000000e+00 0.000000000000000000e+00 -6.515494081382549041e-01 0.000000000000000000e+00 0.000000000000000000e+00 1.000000000000000000e+00 4.128633544586181614e+01
1.000000000000000000e+00 0.000000000000000000e+00 0.000000000000000000e+00 -1.506860330757231026e+00 0.000000000000000000e+00 1.000000000000000000e+00 0.000000000000000000e+00 -6.808561402563846343e-01 0.000000000000000000e+00 0.000000000000000000e+00 1.000000000000000000e+00 4.222951588771820042e+01
1.000000000000000000e+00 0.000000000000000000e+00 0.000000000000000000e+00 -1.591947585400671272e+00 0.000000000000000000e+00 1.000000000000000000e+00 0.000000000000000000e+00 -7.001494857673442596e-01 0.000000000000000000e+00 0.000000000000000000e+00 1.000000000000000000e+00 4.314687130592346165e+01
1.000000000000000000e+00 0.000000000000000000e+00 0.000000000000000000e+00 -1.722941607293218880e+00 0.000000000000000000e+00 1.000000000000000000e+00 0.000000000000000000e+00 -7.096654548500573867e-01 0.000000000000000000e+00 0.000000000000000000e+00 1.000000000000000000e+00 4.391917059562683079e+01
1.000000000000000000e+00 0.000000000000000000e+00 0.000000000000000000e+00 -1.937582582291693001e+00 0.000000000000000000e+00 1.000000000000000000e+00 0.000000000000000000e+00 -6.967977880691087478e-01 0.000000000000000000e+00 0.000000000000000000e+00 1.000000000000000000e+00 4.446223703763961765e+01
1.000000000000000000e+00 0.000000000000000000e+00 0.000000000000000000e+00 -2.297932535466284065e+00 0.000000000000000000e+00 1.000000000000000000e+00 0.000000000000000000e+00 -6.792211084817445510e-01 0.000000000000000000e+00 0.000000000000000000e+00 1.000000000000000000e+00 4.508279804132461521e+01
1.000000000000000000e+00 0.000000000000000000e+00 0.000000000000000000e+00 -2.720707386788458138e+00 0.000000000000000000e+00 1.000000000000000000e+00 0.000000000000000000e+00 -6.729743810561394923e-01 0.000000000000000000e+00 0.000000000000000000e+00 1.000000000000000000e+00 4.566643068931579563e+01
1.000000000000000000e+00 0.000000000000000000e+00 0.000000000000000000e+00 -2.823819823619455605e+00 0.000000000000000000e+00 1.000000000000000000e+00 0.000000000000000000e+00 -7.071025328901505702e-01 0.000000000000000000e+00 0.000000000000000000e+00 1.000000000000000000e+00 4.673668203495025608e+01
1.000000000000000000e+00 0.000000000000000000e+00 0.000000000000000000e+00 -2.827103370856971054e+00 0.000000000000000000e+00 1.000000000000000000e+00 0.000000000000000000e+00 -7.188710937467313045e-01 0.000000000000000000e+00 0.000000000000000000e+00 1.000000000000000000e+00 4.774210772655487034e+01
1.000000000000000000e+00 0.000000000000000000e+00 0.000000000000000000e+00 -2.849054753836721687e+00 0.000000000000000000e+00 1.000000000000000000e+00 0.000000000000000000e+00 -7.319764210102057689e-01 0.000000000000000000e+00 0.000000000000000000e+00 1.000000000000000000e+00 4.860821238897323582e+01
1.000000000000000000e+00 0.000000000000000000e+00 0.000000000000000000e+00 -2.946501895841688423e+00 0.000000000000000000e+00 1.000000000000000000e+00 0.000000000000000000e+00 -7.443779943701720470e-01 0.000000000000000000e+00 0.000000000000000000e+00 1.000000000000000000e+00 4.965938953302383396e+01
1.000000000000000000e+00 0.000000000000000000e+00 0.000000000000000000e+00 -2.917945776191086082e+00 0.000000000000000000e+00 1.000000000000000000e+00 0.000000000000000000e+00 -7.692163618472314113e-01 0.000000000000000000e+00 0.000000000000000000e+00 1.000000000000000000e+00 5.065089908979415867e+01
1.000000000000000000e+00 0.000000000000000000e+00 0.000000000000000000e+00 -2.785882014837593346e+00 0.000000000000000000e+00 1.000000000000000000e+00 0.000000000000000000e+00 -8.061192328301167720e-01 0.000000000000000000e+00 0.000000000000000000e+00 1.000000000000000000e+00 5.145602569721221897e+01
1.000000000000000000e+00 0.000000000000000000e+00 0.000000000000000000e+00 -2.427308607902855186e+00 0.000000000000000000e+00 1.000000000000000000e+00 0.000000000000000000e+00 -8.268731752601361507e-01 0.000000000000000000e+00 0.000000000000000000e+00 1.000000000000000000e+00 5.192763844869613621e+01
1.000000000000000000e+00 0.000000000000000000e+00 0.000000000000000000e+00 -2.263527084198326378e+00 0.000000000000000000e+00 1.000000000000000000e+00 0.000000000000000000e+00 -8.507594907847142451e-01 0.000000000000000000e+00 0.000000000000000000e+00 1.000000000000000000e+00 5.244639179847717259e+01
1.000000000000000000e+00 0.000000000000000000e+00 0.000000000000000000e+00 -2.066153366175026207e+00 0.000000000000000000e+00 1.000000000000000000e+00 0.000000000000000000e+00 -8.846099743810391658e-01 0.000000000000000000e+00 0.000000000000000000e+00 1.000000000000000000e+00 5.301045183084487888e+01
1.000000000000000000e+00 0.000000000000000000e+00 0.000000000000000000e+00 -2.052906917464465408e+00 0.000000000000000000e+00 1.000000000000000000e+00 0.000000000000000000e+00 -8.904308638726270431e-01 0.000000000000000000e+00 0.000000000000000000e+00 1.000000000000000000e+00 5.362693087003707859e+01
1.000000000000000000e+00 0.000000000000000000e+00 0.000000000000000000e+00 -2.078905239757627754e+00 0.000000000000000000e+00 1.000000000000000000e+00 0.000000000000000000e+00 -9.099979437147176498e-01 0.000000000000000000e+00 0.000000000000000000e+00 1.000000000000000000e+00 5.472476736448287937e+01
1.000000000000000000e+00 0.000000000000000000e+00 0.000000000000000000e+00 -2.151753298994631081e+00 0.000000000000000000e+00 1.000000000000000000e+00 0.000000000000000000e+00 -9.285316317533052199e-01 0.000000000000000000e+00 0.000000000000000000e+00 1.000000000000000000e+00 5.612879971406936619e+01
1.000000000000000000e+00 0.000000000000000000e+00 0.000000000000000000e+00 -2.276174455937475472e+00 0.000000000000000000e+00 1.000000000000000000e+00 0.000000000000000000e+00 -9.375522247706449264e-01 0.000000000000000000e+00 0.000000000000000000e+00 1.000000000000000000e+00 5.760402027509689304e+01
1.000000000000000000e+00 0.000000000000000000e+00 0.000000000000000000e+00 -2.244342286196083336e+00 0.000000000000000000e+00 1.000000000000000000e+00 0.000000000000000000e+00 -9.732770509277379745e-01 0.000000000000000000e+00 0.000000000000000000e+00 1.000000000000000000e+00 5.896231690786361668e+01
1.000000000000000000e+00 0.000000000000000000e+00 0.000000000000000000e+00 -2.190438915100425987e+00 0.000000000000000000e+00 1.000000000000000000e+00 0.000000000000000000e+00 -9.996965489541089767e-01 0.000000000000000000e+00 0.000000000000000000e+00 1.000000000000000000e+00 6.013852123163223240e+01
1.000000000000000000e+00 0.000000000000000000e+00 0.000000000000000000e+00 -2.222789753284782677e+00 0.000000000000000000e+00 1.000000000000000000e+00 0.000000000000000000e+00 -1.003853901681015515e+00 0.000000000000000000e+00 0.000000000000000000e+00 1.000000000000000000e+00 6.106585244081497166e+01
1.000000000000000000e+00 0.000000000000000000e+00 0.000000000000000000e+00 -2.203186394703120499e+00 0.000000000000000000e+00 1.000000000000000000e+00 0.000000000000000000e+00 -9.951128618982529872e-01 0.000000000000000000e+00 0.000000000000000000e+00 1.000000000000000000e+00 6.203921315811157200e+01
1.000000000000000000e+00 0.000000000000000000e+00 0.000000000000000000e+00 -2.368212120663852005e+00 0.000000000000000000e+00 1.000000000000000000e+00 0.000000000000000000e+00 -9.810651404973960155e-01 0.000000000000000000e+00 0.000000000000000000e+00 1.000000000000000000e+00 6.271376679084777805e+01
1.000000000000000000e+00 0.000000000000000000e+00 0.000000000000000000e+00 -2.541895957720011978e+00 0.000000000000000000e+00 1.000000000000000000e+00 0.000000000000000000e+00 -9.682406926718449824e-01 0.000000000000000000e+00 0.000000000000000000e+00 1.000000000000000000e+00 6.345614681385040257e+01
1.000000000000000000e+00 0.000000000000000000e+00 0.000000000000000000e+00 -2.870179833900660782e+00 0.000000000000000000e+00 1.000000000000000000e+00 0.000000000000000000e+00 -9.483177004572844737e-01 0.000000000000000000e+00 0.000000000000000000e+00 1.000000000000000000e+00 6.407537768028259961e+01
1.000000000000000000e+00 0.000000000000000000e+00 0.000000000000000000e+00 -3.100445600282878189e+00 0.000000000000000000e+00 1.000000000000000000e+00 0.000000000000000000e+00 -9.497496778336262935e-01 0.000000000000000000e+00 0.000000000000000000e+00 1.000000000000000000e+00 6.483935568473816602e+01
1.000000000000000000e+00 0.000000000000000000e+00 0.000000000000000000e+00 -3.287567229997844009e+00 0.000000000000000000e+00 1.000000000000000000e+00 0.000000000000000000e+00 -9.554305560146367782e-01 0.000000000000000000e+00 0.000000000000000000e+00 1.000000000000000000e+00 6.541392562530518262e+01
1.000000000000000000e+00 0.000000000000000000e+00 0.000000000000000000e+00 -3.394704403412074356e+00 0.000000000000000000e+00 1.000000000000000000e+00 0.000000000000000000e+00 -9.635638426248824828e-01 0.000000000000000000e+00 0.000000000000000000e+00 1.000000000000000000e+00 6.612657443426132886e+01
1.000000000000000000e+00 0.000000000000000000e+00 0.000000000000000000e+00 -3.267040612232417374e+00 0.000000000000000000e+00 1.000000000000000000e+00 0.000000000000000000e+00 -9.741350299869573348e-01 0.000000000000000000e+00 0.000000000000000000e+00 1.000000000000000000e+00 6.690513429782868116e+01
1.000000000000000000e+00 0.000000000000000000e+00 0.000000000000000000e+00 -3.098835783135623245e+00 0.000000000000000000e+00 1.000000000000000000e+00 0.000000000000000000e+00 -9.820256064836776488e-01 0.000000000000000000e+00 0.000000000000000000e+00 1.000000000000000000e+00 6.756381193540573804e+01
1.000000000000000000e+00 0.000000000000000000e+00 0.000000000000000000e+00 -2.982360655498236923e+00 0.000000000000000000e+00 1.000000000000000000e+00 0.000000000000000000e+00 -1.008667653352478766e+00 0.000000000000000000e+00 0.000000000000000000e+00 1.000000000000000000e+00 6.828204796455383985e+01
1.000000000000000000e+00 0.000000000000000000e+00 0.000000000000000000e+00 -3.050413468908995895e+00 0.000000000000000000e+00 1.000000000000000000e+00 0.000000000000000000e+00 -1.020989084542254233e+00 0.000000000000000000e+00 0.000000000000000000e+00 1.000000000000000000e+00 6.906956014774323194e+01
1.000000000000000000e+00 0.000000000000000000e+00 0.000000000000000000e+00 -3.400856146645278244e+00 0.000000000000000000e+00 1.000000000000000000e+00 0.000000000000000000e+00 -1.016103703454593443e+00 0.000000000000000000e+00 0.000000000000000000e+00 1.000000000000000000e+00 6.987944463632584302e+01
1.000000000000000000e+00 0.000000000000000000e+00 0.000000000000000000e+00 -3.905114362072676926e+00 0.000000000000000000e+00 1.000000000000000000e+00 0.000000000000000000e+00 -1.008617555182883763e+00 0.000000000000000000e+00 0.000000000000000000e+00 1.000000000000000000e+00 7.048697606466294019e+01
1.000000000000000000e+00 0.000000000000000000e+00 0.000000000000000000e+00 -4.467198798489302902e+00 0.000000000000000000e+00 1.000000000000000000e+00 0.000000000000000000e+00 -9.869670694884753459e-01 0.000000000000000000e+00 0.000000000000000000e+00 1.000000000000000000e+00 7.115402159832001416e+01
1.000000000000000000e+00 0.000000000000000000e+00 0.000000000000000000e+00 -4.874799648356169968e+00 0.000000000000000000e+00 1.000000000000000000e+00 0.000000000000000000e+00 -9.804942933102047675e-01 0.000000000000000000e+00 0.000000000000000000e+00 1.000000000000000000e+00 7.174506197116852491e+01
1.000000000000000000e+00 0.000000000000000000e+00 0.000000000000000000e+00 -4.959494331907958298e+00 0.000000000000000000e+00 1.000000000000000000e+00 0.000000000000000000e+00 -9.937609181930220359e-01 0.000000000000000000e+00 0.000000000000000000e+00 1.000000000000000000e+00 7.242906609914780347e+01
1.000000000000000000e+00 0.000000000000000000e+00 0.000000000000000000e+00 -5.085097068977088242e+00 0.000000000000000000e+00 1.000000000000000000e+00 0.000000000000000000e+00 -1.001732158400574946e+00 0.000000000000000000e+00 0.000000000000000000e+00 1.000000000000000000e+00 7.323399934909821241e+01
1.000000000000000000e+00 0.000000000000000000e+00 0.000000000000000000e+00 -5.016215058099955826e+00 0.000000000000000000e+00 1.000000000000000000e+00 0.000000000000000000e+00 -1.024035462104240679e+00 0.000000000000000000e+00 0.000000000000000000e+00 1.000000000000000000e+00 7.406757662437439649e+01
1.000000000000000000e+00 0.000000000000000000e+00 0.000000000000000000e+00 -4.798978524338931351e+00 0.000000000000000000e+00 1.000000000000000000e+00 0.000000000000000000e+00 -1.045425916947881007e+00 0.000000000000000000e+00 0.000000000000000000e+00 1.000000000000000000e+00 7.480713436744690625e+01
1.000000000000000000e+00 0.000000000000000000e+00 0.000000000000000000e+00 -4.419068323504657059e+00 0.000000000000000000e+00 1.000000000000000000e+00 0.000000000000000000e+00 -1.072259156890670084e+00 0.000000000000000000e+00 0.000000000000000000e+00 1.000000000000000000e+00 7.572538689516068189e+01
1.000000000000000000e+00 0.000000000000000000e+00 0.000000000000000000e+00 -4.036765085589617996e+00 0.000000000000000000e+00 1.000000000000000000e+00 0.000000000000000000e+00 -1.084237775691310190e+00 0.000000000000000000e+00 0.000000000000000000e+00 1.000000000000000000e+00 7.666304991386414258e+01
1.000000000000000000e+00 0.000000000000000000e+00 0.000000000000000000e+00 -3.581439422499865799e+00 0.000000000000000000e+00 1.000000000000000000e+00 0.000000000000000000e+00 -1.118535618223706507e+00 0.000000000000000000e+00 0.000000000000000000e+00 1.000000000000000000e+00 7.767427001140595166e+01
1.000000000000000000e+00 0.000000000000000000e+00 0.000000000000000000e+00 -3.206600772273272781e+00 0.000000000000000000e+00 1.000000000000000000e+00 0.000000000000000000e+00 -1.147446646281043314e+00 0.000000000000000000e+00 0.000000000000000000e+00 1.000000000000000000e+00 7.870198044918060987e+01
1.000000000000000000e+00 0.000000000000000000e+00 0.000000000000000000e+00 -2.802256869208544998e+00 0.000000000000000000e+00 1.000000000000000000e+00 0.000000000000000000e+00 -1.183289165534535670e+00 0.000000000000000000e+00 0.000000000000000000e+00 1.000000000000000000e+00 7.973840150974274366e+01
1.000000000000000000e+00 0.000000000000000000e+00 0.000000000000000000e+00 -2.376477615964144974e+00 0.000000000000000000e+00 1.000000000000000000e+00 0.000000000000000000e+00 -1.236010535546103739e+00 0.000000000000000000e+00 0.000000000000000000e+00 1.000000000000000000e+00 8.068392197034836499e+01
1.000000000000000000e+00 0.000000000000000000e+00 0.000000000000000000e+00 -2.097528444659442215e+00 0.000000000000000000e+00 1.000000000000000000e+00 0.000000000000000000e+00 -1.270351934172669672e+00 0.000000000000000000e+00 0.000000000000000000e+00 1.000000000000000000e+00 8.180341760061264722e+01
1.000000000000000000e+00 0.000000000000000000e+00 0.000000000000000000e+00 -1.936554895770282059e+00 0.000000000000000000e+00 1.000000000000000000e+00 0.000000000000000000e+00 -1.306903853007117533e+00 0.000000000000000000e+00 0.000000000000000000e+00 1.000000000000000000e+00 8.269673875711441724e+01
1.000000000000000000e+00 0.000000000000000000e+00 0.000000000000000000e+00 -1.955343425330251961e+00 0.000000000000000000e+00 1.000000000000000000e+00 0.000000000000000000e+00 -1.331538538374463343e+00 0.000000000000000000e+00 0.000000000000000000e+00 1.000000000000000000e+00 8.368940452478409497e+01
1.000000000000000000e+00 0.000000000000000000e+00 0.000000000000000000e+00 -2.118265196737379341e+00 0.000000000000000000e+00 1.000000000000000000e+00 0.000000000000000000e+00 -1.345272979625026011e+00 0.000000000000000000e+00 0.000000000000000000e+00 1.000000000000000000e+00 8.450138071916580884e+01
1.000000000000000000e+00 0.000000000000000000e+00 0.000000000000000000e+00 -2.516788110193342476e+00 0.000000000000000000e+00 1.000000000000000000e+00 0.000000000000000000e+00 -1.370206213482180857e+00 0.000000000000000000e+00 0.000000000000000000e+00 1.000000000000000000e+00 8.514508716009140699e+01
1.000000000000000000e+00 0.000000000000000000e+00 0.000000000000000000e+00 -3.136345729288191109e+00 0.000000000000000000e+00 1.000000000000000000e+00 0.000000000000000000e+00 -1.361046089716712260e+00 0.000000000000000000e+00 0.000000000000000000e+00 1.000000000000000000e+00 8.582700590036392896e+01
1.000000000000000000e+00 0.000000000000000000e+00 0.000000000000000000e+00 -3.657162353452772408e+00 0.000000000000000000e+00 1.000000000000000000e+00 0.000000000000000000e+00 -1.339541830979744219e+00 0.000000000000000000e+00 0.000000000000000000e+00 1.000000000000000000e+00 8.646726850412369458e+01
1.000000000000000000e+00 0.000000000000000000e+00 0.000000000000000000e+00 -3.991135641988844185e+00 0.000000000000000000e+00 1.000000000000000000e+00 0.000000000000000000e+00 -1.335466916133174919e+00 0.000000000000000000e+00 0.000000000000000000e+00 1.000000000000000000e+00 8.690401352189064710e+01
1.000000000000000000e+00 0.000000000000000000e+00 0.000000000000000000e+00 -4.259023115095228462e+00 0.000000000000000000e+00 1.000000000000000000e+00 0.000000000000000000e+00 -1.349415682647833847e+00 0.000000000000000000e+00 0.000000000000000000e+00 1.000000000000000000e+00 8.759872920058251111e+01
1.000000000000000000e+00 0.000000000000000000e+00 0.000000000000000000e+00 -4.460308402833074837e+00 0.000000000000000000e+00 1.000000000000000000e+00 0.000000000000000000e+00 -1.356991616934994482e+00 0.000000000000000000e+00 0.000000000000000000e+00 1.000000000000000000e+00 8.854693866513252942e+01
1.000000000000000000e+00 0.000000000000000000e+00 0.000000000000000000e+00 -4.583396725412935524e+00 0.000000000000000000e+00 1.000000000000000000e+00 0.000000000000000000e+00 -1.378665992916086935e+00 0.000000000000000000e+00 0.000000000000000000e+00 1.000000000000000000e+00 8.961981285355568616e+01
1.000000000000000000e+00 0.000000000000000000e+00 0.000000000000000000e+00 -4.665693074521154671e+00 0.000000000000000000e+00 1.000000000000000000e+00 0.000000000000000000e+00 -1.403991101235607886e+00 0.000000000000000000e+00 0.000000000000000000e+00 1.000000000000000000e+00 9.055208880446434705e+01
1.000000000000000000e+00 0.000000000000000000e+00 0.000000000000000000e+00 -4.742515690681070595e+00 0.000000000000000000e+00 1.000000000000000000e+00 0.000000000000000000e+00 -1.422541396618345999e+00 0.000000000000000000e+00 0.000000000000000000e+00 1.000000000000000000e+00 9.145592398188591687e+01
1.000000000000000000e+00 0.000000000000000000e+00 0.000000000000000000e+00 -4.880835317131609230e+00 0.000000000000000000e+00 1.000000000000000000e+00 0.000000000000000000e+00 -1.435985101312855505e+00 0.000000000000000000e+00 0.000000000000000000e+00 1.000000000000000000e+00 9.248615486166954724e+01
1.000000000000000000e+00 0.000000000000000000e+00 0.000000000000000000e+00 -5.045817725416750221e+00 0.000000000000000000e+00 1.000000000000000000e+00 0.000000000000000000e+00 -1.449601162150958800e+00 0.000000000000000000e+00 0.000000000000000000e+00 1.000000000000000000e+00 9.334265059969902723e+01
1.000000000000000000e+00 0.000000000000000000e+00 0.000000000000000000e+00 -5.268557779547304420e+00 0.000000000000000000e+00 1.000000000000000000e+00 0.000000000000000000e+00 -1.447547603790173554e+00 0.000000000000000000e+00 0.000000000000000000e+00 1.000000000000000000e+00 9.408033610127449720e+01
1.000000000000000000e+00 0.000000000000000000e+00 0.000000000000000000e+00 -5.562397353407472878e+00 0.000000000000000000e+00 1.000000000000000000e+00 0.000000000000000000e+00 -1.440463026911476874e+00 0.000000000000000000e+00 0.000000000000000000e+00 1.000000000000000000e+00 9.490017927430153577e+01
1.000000000000000000e+00 0.000000000000000000e+00 0.000000000000000000e+00 -5.649022802766889839e+00 0.000000000000000000e+00 1.000000000000000000e+00 0.000000000000000000e+00 -1.446774102207729840e+00 0.000000000000000000e+00 0.000000000000000000e+00 1.000000000000000000e+00 9.576799095414162366e+01
1.000000000000000000e+00 0.000000000000000000e+00 0.000000000000000000e+00 -5.792288810071081429e+00 0.000000000000000000e+00 1.000000000000000000e+00 0.000000000000000000e+00 -1.454589401763389134e+00 0.000000000000000000e+00 0.000000000000000000e+00 1.000000000000000000e+00 9.680283606789589612e+01
1.000000000000000000e+00 0.000000000000000000e+00 0.000000000000000000e+00 -5.782574715149134903e+00 0.000000000000000000e+00 1.000000000000000000e+00 0.000000000000000000e+00 -1.463901875000903630e+00 0.000000000000000000e+00 0.000000000000000000e+00 1.000000000000000000e+00 9.795689273617745130e+01
1.000000000000000000e+00 0.000000000000000000e+00 0.000000000000000000e+00 -5.822505684625834732e+00 0.000000000000000000e+00 1.000000000000000000e+00 0.000000000000000000e+00 -1.466504496448198580e+00 0.000000000000000000e+00 0.000000000000000000e+00 1.000000000000000000e+00 9.893846882126808850e+01
1.000000000000000000e+00 0.000000000000000000e+00 0.000000000000000000e+00 -5.749493667912215500e+00 0.000000000000000000e+00 1.000000000000000000e+00 0.000000000000000000e+00 -1.465177469347128891e+00 0.000000000000000000e+00 0.000000000000000000e+00 1.000000000000000000e+00 9.994732678673744886e+01
1.000000000000000000e+00 0.000000000000000000e+00 0.000000000000000000e+00 -5.673267515432566910e+00 0.000000000000000000e+00 1.000000000000000000e+00 0.000000000000000000e+00 -1.494504914079318070e+00 0.000000000000000000e+00 0.000000000000000000e+00 1.000000000000000000e+00 1.007924363090801307e+02
1.000000000000000000e+00 0.000000000000000000e+00 0.000000000000000000e+00 -5.901355030071467667e+00 0.000000000000000000e+00 1.000000000000000000e+00 0.000000000000000000e+00 -1.507960379515299820e+00 0.000000000000000000e+00 0.000000000000000000e+00 1.000000000000000000e+00 1.016144995167064735e+02
1.000000000000000000e+00 0.000000000000000000e+00 0.000000000000000000e+00 -6.165571751129359512e+00 0.000000000000000000e+00 1.000000000000000000e+00 0.000000000000000000e+00 -1.519593865070948624e+00 0.000000000000000000e+00 0.000000000000000000e+00 1.000000000000000000e+00 1.025719623043346473e+02
1.000000000000000000e+00 0.000000000000000000e+00 0.000000000000000000e+00 -6.384782763254374771e+00 0.000000000000000000e+00 1.000000000000000000e+00 0.000000000000000000e+00 -1.549169350807080292e+00 0.000000000000000000e+00 0.000000000000000000e+00 1.000000000000000000e+00 1.037651864960002968e+02
1.000000000000000000e+00 0.000000000000000000e+00 0.000000000000000000e+00 -6.597904520165652542e+00 0.000000000000000000e+00 1.000000000000000000e+00 0.000000000000000000e+00 -1.578682415578970932e+00 0.000000000000000000e+00 0.000000000000000000e+00 1.000000000000000000e+00 1.047881239130306312e+02
1.000000000000000000e+00 0.000000000000000000e+00 0.000000000000000000e+00 -6.696829566788405685e+00 0.000000000000000000e+00 1.000000000000000000e+00 0.000000000000000000e+00 -1.607102621738324189e+00 0.000000000000000000e+00 0.000000000000000000e+00 1.000000000000000000e+00 1.059670133068370887e+02
1.000000000000000000e+00 0.000000000000000000e+00 0.000000000000000000e+00 -6.774462411236495285e+00 0.000000000000000000e+00 1.000000000000000000e+00 0.000000000000000000e+00 -1.624857327361116432e+00 0.000000000000000000e+00 0.000000000000000000e+00 1.000000000000000000e+00 1.071542728617000648e+02
1.000000000000000000e+00 0.000000000000000000e+00 0.000000000000000000e+00 -6.829963700902194290e+00 0.000000000000000000e+00 1.000000000000000000e+00 0.000000000000000000e+00 -1.643126199413547539e+00 0.000000000000000000e+00 0.000000000000000000e+00 1.000000000000000000e+00 1.080176277830410072e+02
1.000000000000000000e+00 0.000000000000000000e+00 0.000000000000000000e+00 -6.980049999487132339e+00 0.000000000000000000e+00 1.000000000000000000e+00 0.000000000000000000e+00 -1.654131910223970436e+00 0.000000000000000000e+00 0.000000000000000000e+00 1.000000000000000000e+00 1.089842885806369850e+02
1.000000000000000000e+00 0.000000000000000000e+00 0.000000000000000000e+00 -7.045923808645934372e+00 0.000000000000000000e+00 1.000000000000000000e+00 0.000000000000000000e+00 -1.666459108163127922e+00 0.000000000000000000e+00 0.000000000000000000e+00 1.000000000000000000e+00 1.097726507260608741e+02
1.000000000000000000e+00 0.000000000000000000e+00 0.000000000000000000e+00 -6.860657537412375717e+00 0.000000000000000000e+00 1.000000000000000000e+00 0.000000000000000000e+00 -1.681492584217796349e+00 0.000000000000000000e+00 0.000000000000000000e+00 1.000000000000000000e+00 1.105896784736919471e+02
1.000000000000000000e+00 0.000000000000000000e+00 0.000000000000000000e+00 -6.522248918246955185e+00 0.000000000000000000e+00 1.000000000000000000e+00 0.000000000000000000e+00 -1.698776638526926064e+00 0.000000000000000000e+00 0.000000000000000000e+00 1.000000000000000000e+00 1.112756041958141395e+02
1.000000000000000000e+00 0.000000000000000000e+00 0.000000000000000000e+00 -6.161006385516852646e+00 0.000000000000000000e+00 1.000000000000000000e+00 0.000000000000000000e+00 -1.724599922467479729e+00 0.000000000000000000e+00 0.000000000000000000e+00 1.000000000000000000e+00 1.121021228506374428e+02
1.000000000000000000e+00 0.000000000000000000e+00 0.000000000000000000e+00 -5.885642165374488144e+00 0.000000000000000000e+00 1.000000000000000000e+00 0.000000000000000000e+00 -1.750209859032640480e+00 0.000000000000000000e+00 0.000000000000000000e+00 1.000000000000000000e+00 1.129101990535068580e+02
1.000000000000000000e+00 0.000000000000000000e+00 0.000000000000000000e+00 -5.660004818868369370e+00 0.000000000000000000e+00 1.000000000000000000e+00 0.000000000000000000e+00 -1.775110444445619606e+00 0.000000000000000000e+00 0.000000000000000000e+00 1.000000000000000000e+00 1.138566814138698646e+02
1.000000000000000000e+00 0.000000000000000000e+00 0.000000000000000000e+00 -5.622667403948039322e+00 0.000000000000000000e+00 1.000000000000000000e+00 0.000000000000000000e+00 -1.782662046999195837e+00 0.000000000000000000e+00 0.000000000000000000e+00 1.000000000000000000e+00 1.149338366462993690e+02
1.000000000000000000e+00 0.000000000000000000e+00 0.000000000000000000e+00 -5.679506460261077194e+00 0.000000000000000000e+00 1.000000000000000000e+00 0.000000000000000000e+00 -1.771332202405194067e+00 0.000000000000000000e+00 0.000000000000000000e+00 1.000000000000000000e+00 1.160310549213695595e+02
1.000000000000000000e+00 0.000000000000000000e+00 0.000000000000000000e+00 -5.866765359472960739e+00 0.000000000000000000e+00 1.000000000000000000e+00 0.000000000000000000e+00 -1.762458855212191366e+00 0.000000000000000000e+00 0.000000000000000000e+00 1.000000000000000000e+00 1.172309090568828651e+02
1.000000000000000000e+00 0.000000000000000000e+00 0.000000000000000000e+00 -6.053012946676940231e+00 0.000000000000000000e+00 1.000000000000000000e+00 0.000000000000000000e+00 -1.757846559789488339e+00 0.000000000000000000e+00 0.000000000000000000e+00 1.000000000000000000e+00 1.183762994482326576e+02
1.000000000000000000e+00 0.000000000000000000e+00 0.000000000000000000e+00 -6.173729123604029922e+00 0.000000000000000000e+00 1.000000000000000000e+00 0.000000000000000000e+00 -1.763132006787220263e+00 0.000000000000000000e+00 0.000000000000000000e+00 1.000000000000000000e+00 1.196260656788158485e+02
1.000000000000000000e+00 0.000000000000000000e+00 0.000000000000000000e+00 -6.213707642686099319e+00 0.000000000000000000e+00 1.000000000000000000e+00 0.000000000000000000e+00 -1.784769090749779963e+00 0.000000000000000000e+00 0.000000000000000000e+00 1.000000000000000000e+00 1.208167701437282631e+02
1.000000000000000000e+00 0.000000000000000000e+00 0.000000000000000000e+00 -6.286523925196856766e+00 0.000000000000000000e+00 1.000000000000000000e+00 0.000000000000000000e+00 -1.798717494048634791e+00 0.000000000000000000e+00 0.000000000000000000e+00 1.000000000000000000e+00 1.216258515193271705e+02
1.000000000000000000e+00 0.000000000000000000e+00 0.000000000000000000e+00 -6.495966034066409378e+00 0.000000000000000000e+00 1.000000000000000000e+00 0.000000000000000000e+00 -1.812234423049250864e+00 0.000000000000000000e+00 0.000000000000000000e+00 1.000000000000000000e+00 1.225190580560970375e+02
1.000000000000000000e+00 0.000000000000000000e+00 0.000000000000000000e+00 -6.542073646616668015e+00 0.000000000000000000e+00 1.000000000000000000e+00 0.000000000000000000e+00 -1.842539093383113169e+00 0.000000000000000000e+00 0.000000000000000000e+00 1.000000000000000000e+00 1.233725427462863991e+02
1.000000000000000000e+00 0.000000000000000000e+00 0.000000000000000000e+00 -6.303253615331382065e+00 0.000000000000000000e+00 1.000000000000000000e+00 0.000000000000000000e+00 -1.868445440121451639e+00 0.000000000000000000e+00 0.000000000000000000e+00 1.000000000000000000e+00 1.241836137845325538e+02
1.000000000000000000e+00 0.000000000000000000e+00 0.000000000000000000e+00 -6.238394515645236282e+00 0.000000000000000000e+00 1.000000000000000000e+00 0.000000000000000000e+00 -1.899367398508349680e+00 0.000000000000000000e+00 0.000000000000000000e+00 1.000000000000000000e+00 1.252074105813312599e+02
1.000000000000000000e+00 0.000000000000000000e+00 0.000000000000000000e+00 -6.176587695312232285e+00 0.000000000000000000e+00 1.000000000000000000e+00 0.000000000000000000e+00 -1.915751193576017641e+00 0.000000000000000000e+00 0.000000000000000000e+00 1.000000000000000000e+00 1.263378079011249611e+02
1.000000000000000000e+00 0.000000000000000000e+00 0.000000000000000000e+00 -6.165366044324368744e+00 0.000000000000000000e+00 1.000000000000000000e+00 0.000000000000000000e+00 -1.936581416912833475e+00 0.000000000000000000e+00 0.000000000000000000e+00 1.000000000000000000e+00 1.274718569590854713e+02
1.000000000000000000e+00 0.000000000000000000e+00 0.000000000000000000e+00 -6.126352926772565155e+00 0.000000000000000000e+00 1.000000000000000000e+00 0.000000000000000000e+00 -1.955871083699623370e+00 0.000000000000000000e+00 0.000000000000000000e+00 1.000000000000000000e+00 1.286335687711048195e+02
1.000000000000000000e+00 0.000000000000000000e+00 0.000000000000000000e+00 -6.212765125614136963e+00 0.000000000000000000e+00 1.000000000000000000e+00 0.000000000000000000e+00 -1.958641413990864777e+00 0.000000000000000000e+00 0.000000000000000000e+00 1.000000000000000000e+00 1.297312727048206398e+02
1.000000000000000000e+00 0.000000000000000000e+00 0.000000000000000000e+00 -6.327074518483609467e+00 0.000000000000000000e+00 1.000000000000000000e+00 0.000000000000000000e+00 -1.946326230112919831e+00 0.000000000000000000e+00 0.000000000000000000e+00 1.000000000000000000e+00 1.307293925359058449e+02
1.000000000000000000e+00 0.000000000000000000e+00 0.000000000000000000e+00 -6.400292707663506775e+00 0.000000000000000000e+00 1.000000000000000000e+00 0.000000000000000000e+00 -1.947604847066561007e+00 0.000000000000000000e+00 0.000000000000000000e+00 1.000000000000000000e+00 1.316016192509937355e+02
1.000000000000000000e+00 0.000000000000000000e+00 0.000000000000000000e+00 -6.366621209364861755e+00 0.000000000000000000e+00 1.000000000000000000e+00 0.000000000000000000e+00 -1.949924884755620980e+00 0.000000000000000000e+00 0.000000000000000000e+00 1.000000000000000000e+00 1.323618909790325233e+02
1.000000000000000000e+00 0.000000000000000000e+00 0.000000000000000000e+00 -6.339413804989785461e+00 0.000000000000000000e+00 1.000000000000000000e+00 0.000000000000000000e+00 -1.961840326358089470e+00 0.000000000000000000e+00 0.000000000000000000e+00 1.000000000000000000e+00 1.329695265962886879e+02
1.000000000000000000e+00 0.000000000000000000e+00 0.000000000000000000e+00 -6.351269399803609161e+00 0.000000000000000000e+00 1.000000000000000000e+00 0.000000000000000000e+00 -1.978204902653107666e+00 0.000000000000000000e+00 0.000000000000000000e+00 1.000000000000000000e+00 1.336722778155613014e+02
1.000000000000000000e+00 0.000000000000000000e+00 0.000000000000000000e+00 -6.556296309512585907e+00 0.000000000000000000e+00 1.000000000000000000e+00 0.000000000000000000e+00 -1.976748373285392546e+00 0.000000000000000000e+00 0.000000000000000000e+00 1.000000000000000000e+00 1.343202263190555641e+02
1.000000000000000000e+00 0.000000000000000000e+00 0.000000000000000000e+00 -6.568087548073858528e+00 0.000000000000000000e+00 1.000000000000000000e+00 0.000000000000000000e+00 -1.992802496925452971e+00 0.000000000000000000e+00 0.000000000000000000e+00 1.000000000000000000e+00 1.353247945382404396e+02
1.000000000000000000e+00 0.000000000000000000e+00 0.000000000000000000e+00 -6.392830371913046150e+00 0.000000000000000000e+00 1.000000000000000000e+00 0.000000000000000000e+00 -2.008716579452613615e+00 0.000000000000000000e+00 0.000000000000000000e+00 1.000000000000000000e+00 1.364494968726444313e+02
1.000000000000000000e+00 0.000000000000000000e+00 0.000000000000000000e+00 -6.307999387439817696e+00 0.000000000000000000e+00 1.000000000000000000e+00 0.000000000000000000e+00 -2.018237421215037131e+00 0.000000000000000000e+00 0.000000000000000000e+00 1.000000000000000000e+00 1.373896069004345009e+02
1.000000000000000000e+00 0.000000000000000000e+00 0.000000000000000000e+00 -6.144581154045194893e+00 0.000000000000000000e+00 1.000000000000000000e+00 0.000000000000000000e+00 -2.036236792728761458e+00 0.000000000000000000e+00 0.000000000000000000e+00 1.000000000000000000e+00 1.383949906303691932e+02
1.000000000000000000e+00 0.000000000000000000e+00 0.000000000000000000e+00 -5.856211498436064034e+00 0.000000000000000000e+00 1.000000000000000000e+00 0.000000000000000000e+00 -2.074401114061931395e+00 0.000000000000000000e+00 0.000000000000000000e+00 1.000000000000000000e+00 1.394712938740062782e+02
1.000000000000000000e+00 0.000000000000000000e+00 0.000000000000000000e+00 -5.586074277814955025e+00 0.000000000000000000e+00 1.000000000000000000e+00 0.000000000000000000e+00 -2.102632209584573530e+00 0.000000000000000000e+00 0.000000000000000000e+00 1.000000000000000000e+00 1.405129739715862343e+02
1.000000000000000000e+00 0.000000000000000000e+00 0.000000000000000000e+00 -5.391542896684736519e+00 0.000000000000000000e+00 1.000000000000000000e+00 0.000000000000000000e+00 -2.137950237766364836e+00 0.000000000000000000e+00 0.000000000000000000e+00 1.000000000000000000e+00 1.416826972439098427e+02
1.000000000000000000e+00 0.000000000000000000e+00 0.000000000000000000e+00 -5.150566890892118721e+00 0.000000000000000000e+00 1.000000000000000000e+00 0.000000000000000000e+00 -2.177605073824981474e+00 0.000000000000000000e+00 0.000000000000000000e+00 1.000000000000000000e+00 1.427922369911480018e+02
1.000000000000000000e+00 0.000000000000000000e+00 0.000000000000000000e+00 -5.077387034949392586e+00 0.000000000000000000e+00 1.000000000000000000e+00 0.000000000000000000e+00 -2.196429915652135634e+00 0.000000000000000000e+00 0.000000000000000000e+00 1.000000000000000000e+00 1.437868680431652137e+02
1.000000000000000000e+00 0.000000000000000000e+00 0.000000000000000000e+00 -4.949868962225050240e+00 0.000000000000000000e+00 1.000000000000000000e+00 0.000000000000000000e+00 -2.226220432594875120e+00 0.000000000000000000e+00 0.000000000000000000e+00 1.000000000000000000e+00 1.449657219126033851e+02
1.000000000000000000e+00 0.000000000000000000e+00 0.000000000000000000e+00 -5.042620264050096779e+00 0.000000000000000000e+00 1.000000000000000000e+00 0.000000000000000000e+00 -2.235765436590174460e+00 0.000000000000000000e+00 0.000000000000000000e+00 1.000000000000000000e+00 1.459792661144542762e+02
1.000000000000000000e+00 0.000000000000000000e+00 0.000000000000000000e+00 -5.144116893467039375e+00 0.000000000000000000e+00 1.000000000000000000e+00 0.000000000000000000e+00 -2.260308256298760199e+00 0.000000000000000000e+00 0.000000000000000000e+00 1.000000000000000000e+00 1.467629934027004310e+02
1.000000000000000000e+00 0.000000000000000000e+00 0.000000000000000000e+00 -5.189928330537409096e+00 0.000000000000000000e+00 1.000000000000000000e+00 0.000000000000000000e+00 -2.265144660529205822e+00 0.000000000000000000e+00 0.000000000000000000e+00 1.000000000000000000e+00 1.473376364185619423e+02
1.000000000000000000e+00 0.000000000000000000e+00 0.000000000000000000e+00 -5.500461466666788368e+00 0.000000000000000000e+00 1.000000000000000000e+00 0.000000000000000000e+00 -2.255295929890582585e+00 0.000000000000000000e+00 0.000000000000000000e+00 1.000000000000000000e+00 1.477357027306366035e+02
1.000000000000000000e+00 0.000000000000000000e+00 0.000000000000000000e+00 -6.078890092727274208e+00 0.000000000000000000e+00 1.000000000000000000e+00 0.000000000000000000e+00 -2.235700345989773297e+00 0.000000000000000000e+00 0.000000000000000000e+00 1.000000000000000000e+00 1.479680764152813026e+02
1.000000000000000000e+00 0.000000000000000000e+00 0.000000000000000000e+00 -6.317911572810739784e+00 0.000000000000000000e+00 1.000000000000000000e+00 0.000000000000000000e+00 -2.212635408547232174e+00 0.000000000000000000e+00 0.000000000000000000e+00 1.000000000000000000e+00 1.482572277262020179e+02
1.000000000000000000e+00 0.000000000000000000e+00 0.000000000000000000e+00 -6.592380650397867470e+00 0.000000000000000000e+00 1.000000000000000000e+00 0.000000000000000000e+00 -2.203668776359865689e+00 0.000000000000000000e+00 0.000000000000000000e+00 1.000000000000000000e+00 1.489327675773906776e+02
1.000000000000000000e+00 0.000000000000000000e+00 0.000000000000000000e+00 -6.693209596034616737e+00 0.000000000000000000e+00 1.000000000000000000e+00 0.000000000000000000e+00 -2.215014209431121373e+00 0.000000000000000000e+00 0.000000000000000000e+00 1.000000000000000000e+00 1.499278375580120155e+02
1.000000000000000000e+00 0.000000000000000000e+00 0.000000000000000000e+00 -6.547214768883318214e+00 0.000000000000000000e+00 1.000000000000000000e+00 0.000000000000000000e+00 -2.231748405304262661e+00 0.000000000000000000e+00 0.000000000000000000e+00 1.000000000000000000e+00 1.509768797828960487e+02
1.000000000000000000e+00 0.000000000000000000e+00 0.000000000000000000e+00 -6.296323262211412697e+00 0.000000000000000000e+00 1.000000000000000000e+00 0.000000000000000000e+00 -2.273367434200356030e+00 0.000000000000000000e+00 0.000000000000000000e+00 1.000000000000000000e+00 1.521329624130535194e+02
1.000000000000000000e+00 0.000000000000000000e+00 0.000000000000000000e+00 -6.210319146570295601e+00 0.000000000000000000e+00 1.000000000000000000e+00 0.000000000000000000e+00 -2.312600980904409909e+00 0.000000000000000000e+00 0.000000000000000000e+00 1.000000000000000000e+00 1.533798294737148353e+02
1.000000000000000000e+00 0.000000000000000000e+00 0.000000000000000000e+00 -6.251761145946115761e+00 0.000000000000000000e+00 1.000000000000000000e+00 0.000000000000000000e+00 -2.340690582450935864e+00 0.000000000000000000e+00 0.000000000000000000e+00 1.000000000000000000e+00 1.544362979605007240e+02
1.000000000000000000e+00 0.000000000000000000e+00 0.000000000000000000e+00 -6.407303504702181129e+00 0.000000000000000000e+00 1.000000000000000000e+00 0.000000000000000000e+00 -2.381771925297091030e+00 0.000000000000000000e+00 0.000000000000000000e+00 1.000000000000000000e+00 1.554949453546810219e+02
1.000000000000000000e+00 0.000000000000000000e+00 0.000000000000000000e+00 -6.492668002900213509e+00 0.000000000000000000e+00 1.000000000000000000e+00 0.000000000000000000e+00 -2.415502871778318905e+00 0.000000000000000000e+00 0.000000000000000000e+00 1.000000000000000000e+00 1.565439884140300819e+02
1.000000000000000000e+00 0.000000000000000000e+00 0.000000000000000000e+00 -6.526947796401113777e+00 0.000000000000000000e+00 1.000000000000000000e+00 0.000000000000000000e+00 -2.443693905529091381e+00 0.000000000000000000e+00 0.000000000000000000e+00 1.000000000000000000e+00 1.575480592920589515e+02
1.000000000000000000e+00 0.000000000000000000e+00 0.000000000000000000e+00 -6.518684465494484215e+00 0.000000000000000000e+00 1.000000000000000000e+00 0.000000000000000000e+00 -2.482403758373568081e+00 0.000000000000000000e+00 0.000000000000000000e+00 1.000000000000000000e+00 1.585439961626339027e+02
1.000000000000000000e+00 0.000000000000000000e+00 0.000000000000000000e+00 -6.641897019055218010e+00 0.000000000000000000e+00 1.000000000000000000e+00 0.000000000000000000e+00 -2.490549759399602436e+00 0.000000000000000000e+00 0.000000000000000000e+00 1.000000000000000000e+00 1.595933595373439857e+02
1.000000000000000000e+00 0.000000000000000000e+00 0.000000000000000000e+00 -6.749783467557758598e+00 0.000000000000000000e+00 1.000000000000000000e+00 0.000000000000000000e+00 -2.480915087666819119e+00 0.000000000000000000e+00 0.000000000000000000e+00 1.000000000000000000e+00 1.604645274355220863e+02
1.000000000000000000e+00 0.000000000000000000e+00 0.000000000000000000e+00 -6.834356088247627525e+00 0.000000000000000000e+00 1.000000000000000000e+00 0.000000000000000000e+00 -2.457182172146151089e+00 0.000000000000000000e+00 0.000000000000000000e+00 1.000000000000000000e+00 1.609981491043376991e+02
1.000000000000000000e+00 0.000000000000000000e+00 0.000000000000000000e+00 -7.173044014778465538e+00 0.000000000000000000e+00 1.000000000000000000e+00 0.000000000000000000e+00 -2.441640296411225819e+00 0.000000000000000000e+00 0.000000000000000000e+00 1.000000000000000000e+00 1.618102170898723671e+02
1.000000000000000000e+00 0.000000000000000000e+00 0.000000000000000000e+00 -7.265449594762653618e+00 0.000000000000000000e+00 1.000000000000000000e+00 0.000000000000000000e+00 -2.434080561548928046e+00 0.000000000000000000e+00 0.000000000000000000e+00 1.000000000000000000e+00 1.627055595590877601e+02
1.000000000000000000e+00 0.000000000000000000e+00 0.000000000000000000e+00 -7.461645390894741325e+00 0.000000000000000000e+00 1.000000000000000000e+00 0.000000000000000000e+00 -2.429239919800767922e+00 0.000000000000000000e+00 0.000000000000000000e+00 1.000000000000000000e+00 1.637311331703472206e+02
1.000000000000000000e+00 0.000000000000000000e+00 0.000000000000000000e+00 -7.894151862767071037e+00 0.000000000000000000e+00 1.000000000000000000e+00 0.000000000000000000e+00 -2.426367227845350527e+00 0.000000000000000000e+00 0.000000000000000000e+00 1.000000000000000000e+00 1.647917661144542762e+02
1.000000000000000000e+00 0.000000000000000000e+00 0.000000000000000000e+00 -7.983016964104503899e+00 0.000000000000000000e+00 1.000000000000000000e+00 0.000000000000000000e+00 -2.458313961439291262e+00 0.000000000000000000e+00 0.000000000000000000e+00 1.000000000000000000e+00 1.660232521965313026e+02
1.000000000000000000e+00 0.000000000000000000e+00 0.000000000000000000e+00 -7.814480658676952629e+00 0.000000000000000000e+00 1.000000000000000000e+00 0.000000000000000000e+00 -2.490593192093530917e+00 0.000000000000000000e+00 0.000000000000000000e+00 1.000000000000000000e+00 1.673289966060924598e+02
1.000000000000000000e+00 0.000000000000000000e+00 0.000000000000000000e+00 -7.643072869685024529e+00 0.000000000000000000e+00 1.000000000000000000e+00 0.000000000000000000e+00 -2.525109213702837252e+00 0.000000000000000000e+00 0.000000000000000000e+00 1.000000000000000000e+00 1.685144593193340370e+02
1.000000000000000000e+00 0.000000000000000000e+00 0.000000000000000000e+00 -7.113138284590572624e+00 0.000000000000000000e+00 1.000000000000000000e+00 0.000000000000000000e+00 -2.580775272958437228e+00 0.000000000000000000e+00 0.000000000000000000e+00 1.000000000000000000e+00 1.698345808460521766e+02
1.000000000000000000e+00 0.000000000000000000e+00 0.000000000000000000e+00 -6.880659472253650932e+00 0.000000000000000000e+00 1.000000000000000000e+00 0.000000000000000000e+00 -2.611802429818073534e+00 0.000000000000000000e+00 0.000000000000000000e+00 1.000000000000000000e+00 1.711334970667171547e+02
1.000000000000000000e+00 0.000000000000000000e+00 0.000000000000000000e+00 -6.835769079681963234e+00 0.000000000000000000e+00 1.000000000000000000e+00 0.000000000000000000e+00 -2.628073041253248476e+00 0.000000000000000000e+00 0.000000000000000000e+00 1.000000000000000000e+00 1.722142625524807045e+02
1.000000000000000000e+00 0.000000000000000000e+00 0.000000000000000000e+00 -6.989394389149278908e+00 0.000000000000000000e+00 1.000000000000000000e+00 0.000000000000000000e+00 -2.650912635885635638e+00 0.000000000000000000e+00 0.000000000000000000e+00 1.000000000000000000e+00 1.731185612156200477e+02
1.000000000000000000e+00 0.000000000000000000e+00 0.000000000000000000e+00 -7.451778940912813454e+00 0.000000000000000000e+00 1.000000000000000000e+00 0.000000000000000000e+00 -2.672839264311352991e+00 0.000000000000000000e+00 0.000000000000000000e+00 1.000000000000000000e+00 1.738721038772869179e+02
1.000000000000000000e+00 0.000000000000000000e+00 0.000000000000000000e+00 -7.788533859011263161e+00 0.000000000000000000e+00 1.000000000000000000e+00 0.000000000000000000e+00 -2.668981817942569279e+00 0.000000000000000000e+00 0.000000000000000000e+00 1.000000000000000000e+00 1.746908148600864479e+02
1.000000000000000000e+00 0.000000000000000000e+00 0.000000000000000000e+00 -7.886955335792631416e+00 0.000000000000000000e+00 1.000000000000000000e+00 0.000000000000000000e+00 -2.673943524174848818e+00 0.000000000000000000e+00 0.000000000000000000e+00 1.000000000000000000e+00 1.757079972102451393e+02
1.000000000000000000e+00 0.000000000000000000e+00 0.000000000000000000e+00 -7.830639138874143867e+00 0.000000000000000000e+00 1.000000000000000000e+00 0.000000000000000000e+00 -2.682573036216655993e+00 0.000000000000000000e+00 0.000000000000000000e+00 1.000000000000000000e+00 1.768438483550357887e+02
1.000000000000000000e+00 0.000000000000000000e+00 0.000000000000000000e+00 -7.949080355521768837e+00 0.000000000000000000e+00 1.000000000000000000e+00 0.000000000000000000e+00 -2.712443501614490771e+00 0.000000000000000000e+00 0.000000000000000000e+00 1.000000000000000000e+00 1.781854449584293434e+02
1.000000000000000000e+00 0.000000000000000000e+00 0.000000000000000000e+00 -8.064199164566129951e+00 0.000000000000000000e+00 1.000000000000000000e+00 0.000000000000000000e+00 -2.754569661729494356e+00 0.000000000000000000e+00 0.000000000000000000e+00 1.000000000000000000e+00 1.793715802504825660e+02
1.000000000000000000e+00 0.000000000000000000e+00 0.000000000000000000e+00 -8.346432462390989571e+00 0.000000000000000000e+00 1.000000000000000000e+00 0.000000000000000000e+00 -2.779856868945518755e+00 0.000000000000000000e+00 0.000000000000000000e+00 1.000000000000000000e+00 1.804033523871707985e+02
1.000000000000000000e+00 0.000000000000000000e+00 0.000000000000000000e+00 -8.501397624668211250e+00 0.000000000000000000e+00 1.000000000000000000e+00 0.000000000000000000e+00 -2.794023611508766436e+00 0.000000000000000000e+00 0.000000000000000000e+00 1.000000000000000000e+00 1.813609957768726417e+02
1.000000000000000000e+00 0.000000000000000000e+00 0.000000000000000000e+00 -8.720470249709219246e+00 0.000000000000000000e+00 1.000000000000000000e+00 0.000000000000000000e+00 -2.808374003433147692e+00 0.000000000000000000e+00 0.000000000000000000e+00 1.000000000000000000e+00 1.823630156590747902e+02
1.000000000000000000e+00 0.000000000000000000e+00 0.000000000000000000e+00 -8.707724858131737022e+00 0.000000000000000000e+00 1.000000000000000000e+00 0.000000000000000000e+00 -2.831892353408495211e+00 0.000000000000000000e+00 0.000000000000000000e+00 1.000000000000000000e+00 1.830832820608425209e+02
1.000000000000000000e+00 0.000000000000000000e+00 0.000000000000000000e+00 -8.709864473026723175e+00 0.000000000000000000e+00 1.000000000000000000e+00 0.000000000000000000e+00 -2.854511114694634699e+00 0.000000000000000000e+00 0.000000000000000000e+00 1.000000000000000000e+00 1.840744554474163124e+02
1.000000000000000000e+00 0.000000000000000000e+00 0.000000000000000000e+00 -8.641148215216130524e+00 0.000000000000000000e+00 1.000000000000000000e+00 0.000000000000000000e+00 -2.868832918741265559e+00 0.000000000000000000e+00 0.000000000000000000e+00 1.000000000000000000e+00 1.851436097099590370e+02
1.000000000000000000e+00 0.000000000000000000e+00 0.000000000000000000e+00 -8.419685786646336823e+00 0.000000000000000000e+00 1.000000000000000000e+00 0.000000000000000000e+00 -2.878107969575086855e+00 0.000000000000000000e+00 0.000000000000000000e+00 1.000000000000000000e+00 1.857685784175205299e+02
1.000000000000000000e+00 0.000000000000000000e+00 0.000000000000000000e+00 -8.431121606436104088e+00 0.000000000000000000e+00 1.000000000000000000e+00 0.000000000000000000e+00 -2.883647066001305603e+00 0.000000000000000000e+00 0.000000000000000000e+00 1.000000000000000000e+00 1.867485981061267921e+02
1.000000000000000000e+00 0.000000000000000000e+00 0.000000000000000000e+00 -8.531411189642280846e+00 0.000000000000000000e+00 1.000000000000000000e+00 0.000000000000000000e+00 -2.898216434214720749e+00 0.000000000000000000e+00 0.000000000000000000e+00 1.000000000000000000e+00 1.877589833810138771e+02
1.000000000000000000e+00 0.000000000000000000e+00 0.000000000000000000e+00 -8.567335236873955040e+00 0.000000000000000000e+00 1.000000000000000000e+00 0.000000000000000000e+00 -2.909644876067051911e+00 0.000000000000000000e+00 0.000000000000000000e+00 1.000000000000000000e+00 1.886763605549144813e+02
1.000000000000000000e+00 0.000000000000000000e+00 0.000000000000000000e+00 -8.584367388915747910e+00 0.000000000000000000e+00 1.000000000000000000e+00 0.000000000000000000e+00 -2.933024477605233216e+00 0.000000000000000000e+00 0.000000000000000000e+00 1.000000000000000000e+00 1.895463063790607521e+02
1.000000000000000000e+00 0.000000000000000000e+00 0.000000000000000000e+00 -8.730864251088828354e+00 0.000000000000000000e+00 1.000000000000000000e+00 0.000000000000000000e+00 -2.956283945981869721e+00 0.000000000000000000e+00 0.000000000000000000e+00 1.000000000000000000e+00 1.901910657956409523e+02
1.000000000000000000e+00 0.000000000000000000e+00 0.000000000000000000e+00 -8.784184711110324173e+00 0.000000000000000000e+00 1.000000000000000000e+00 0.000000000000000000e+00 -2.989738226328501725e+00 0.000000000000000000e+00 0.000000000000000000e+00 1.000000000000000000e+00 1.908422599508571693e+02
1.000000000000000000e+00 0.000000000000000000e+00 0.000000000000000000e+00 -8.898162687253684311e+00 0.000000000000000000e+00 1.000000000000000000e+00 0.000000000000000000e+00 -3.001717081685075783e+00 0.000000000000000000e+00 0.000000000000000000e+00 1.000000000000000000e+00 1.914358456804561683e+02
1.000000000000000000e+00 0.000000000000000000e+00 0.000000000000000000e+00 -8.862649513464898376e+00 0.000000000000000000e+00 1.000000000000000000e+00 0.000000000000000000e+00 -3.010863330606827759e+00 0.000000000000000000e+00 0.000000000000000000e+00 1.000000000000000000e+00 1.923712945654201576e+02
1.000000000000000000e+00 0.000000000000000000e+00 0.000000000000000000e+00 -9.006099281888932495e+00 0.000000000000000000e+00 1.000000000000000000e+00 0.000000000000000000e+00 -3.030320834760079407e+00 0.000000000000000000e+00 0.000000000000000000e+00 1.000000000000000000e+00 1.933944037630367347e+02
1.000000000000000000e+00 0.000000000000000000e+00 0.000000000000000000e+00 -9.418061194997758179e+00 0.000000000000000000e+00 1.000000000000000000e+00 0.000000000000000000e+00 -3.047001179699311280e+00 0.000000000000000000e+00 0.000000000000000000e+00 1.000000000000000000e+00 1.944137131645488807e+02
1.000000000000000000e+00 0.000000000000000000e+00 0.000000000000000000e+00 -9.709884492736787109e+00 0.000000000000000000e+00 1.000000000000000000e+00 0.000000000000000000e+00 -3.074420713279852890e+00 0.000000000000000000e+00 0.000000000000000000e+00 1.000000000000000000e+00 1.954343623592662880e+02
1.000000000000000000e+00 0.000000000000000000e+00 0.000000000000000000e+00 -9.869465125781029968e+00 0.000000000000000000e+00 1.000000000000000000e+00 0.000000000000000000e+00 -3.093500160072455429e+00 0.000000000000000000e+00 0.000000000000000000e+00 1.000000000000000000e+00 1.964412953331279823e+02
1.000000000000000000e+00 0.000000000000000000e+00 0.000000000000000000e+00 -9.750591805261105804e+00 0.000000000000000000e+00 1.000000000000000000e+00 0.000000000000000000e+00 -3.124173403177866959e+00 0.000000000000000000e+00 0.000000000000000000e+00 1.000000000000000000e+00 1.975064773037242958e+02
1.000000000000000000e+00 0.000000000000000000e+00 0.000000000000000000e+00 -9.646244419795007019e+00 0.000000000000000000e+00 1.000000000000000000e+00 0.000000000000000000e+00 -3.152949955706009888e+00 0.000000000000000000e+00 0.000000000000000000e+00 1.000000000000000000e+00 1.987147615625667640e+02
1.000000000000000000e+00 0.000000000000000000e+00 0.000000000000000000e+00 -9.615845564809173851e+00 0.000000000000000000e+00 1.000000000000000000e+00 0.000000000000000000e+00 -3.179588389043221497e+00 0.000000000000000000e+00 0.000000000000000000e+00 1.000000000000000000e+00 1.999902766420650551e+02
1.000000000000000000e+00 0.000000000000000000e+00 0.000000000000000000e+00 -9.728242065813869743e+00 0.000000000000000000e+00 1.000000000000000000e+00 0.000000000000000000e+00 -3.201163942385921501e+00 0.000000000000000000e+00 0.000000000000000000e+00 1.000000000000000000e+00 2.014132228567409584e+02
1.000000000000000000e+00 0.000000000000000000e+00 0.000000000000000000e+00 -9.926119010951847343e+00 0.000000000000000000e+00 1.000000000000000000e+00 0.000000000000000000e+00 -3.204529666267792010e+00 0.000000000000000000e+00 0.000000000000000000e+00 1.000000000000000000e+00 2.026574664785671303e+02
1.000000000000000000e+00 0.000000000000000000e+00 0.000000000000000000e+00 -1.004445003351244381e+01 0.000000000000000000e+00 1.000000000000000000e+00 0.000000000000000000e+00 -3.222885874025980257e+00 0.000000000000000000e+00 0.000000000000000000e+00 1.000000000000000000e+00 2.039007434322643348e+02
1.000000000000000000e+00 0.000000000000000000e+00 0.000000000000000000e+00 -1.021663396438631466e+01 0.000000000000000000e+00 1.000000000000000000e+00 0.000000000000000000e+00 -3.237534576021591448e+00 0.000000000000000000e+00 0.000000000000000000e+00 1.000000000000000000e+00 2.050290835573482582e+02
1.000000000000000000e+00 0.000000000000000000e+00 0.000000000000000000e+00 -1.011855826159986904e+01 0.000000000000000000e+00 1.000000000000000000e+00 0.000000000000000000e+00 -3.271653496586242937e+00 0.000000000000000000e+00 0.000000000000000000e+00 1.000000000000000000e+00 2.061455783321666786e+02
1.000000000000000000e+00 0.000000000000000000e+00 0.000000000000000000e+00 -9.964113745894760399e+00 0.000000000000000000e+00 1.000000000000000000e+00 0.000000000000000000e+00 -3.298542530201832079e+00 0.000000000000000000e+00 0.000000000000000000e+00 1.000000000000000000e+00 2.070624560787487098e+02
1.000000000000000000e+00 0.000000000000000000e+00 0.000000000000000000e+00 -9.913999464419216423e+00 0.000000000000000000e+00 1.000000000000000000e+00 0.000000000000000000e+00 -3.314132724814573550e+00 0.000000000000000000e+00 0.000000000000000000e+00 1.000000000000000000e+00 2.081153104975032875e+02
1.000000000000000000e+00 0.000000000000000000e+00 0.000000000000000000e+00 -9.975642357077926903e+00 0.000000000000000000e+00 1.000000000000000000e+00 0.000000000000000000e+00 -3.318979751710305237e+00 0.000000000000000000e+00 0.000000000000000000e+00 1.000000000000000000e+00 2.090129470898914406e+02
1.000000000000000000e+00 0.000000000000000000e+00 0.000000000000000000e+00 -9.801310736742347984e+00 0.000000000000000000e+00 1.000000000000000000e+00 0.000000000000000000e+00 -3.331279859338412308e+00 0.000000000000000000e+00 0.000000000000000000e+00 1.000000000000000000e+00 2.099745944812107155e+02
1.000000000000000000e+00 0.000000000000000000e+00 0.000000000000000000e+00 -9.738526430037349968e+00 0.000000000000000000e+00 1.000000000000000000e+00 0.000000000000000000e+00 -3.347184710596213364e+00 0.000000000000000000e+00 0.000000000000000000e+00 1.000000000000000000e+00 2.109715523793506691e+02
1.000000000000000000e+00 0.000000000000000000e+00 0.000000000000000000e+00 -9.698262069430679588e+00 0.000000000000000000e+00 1.000000000000000000e+00 0.000000000000000000e+00 -3.361174047384867691e+00 0.000000000000000000e+00 0.000000000000000000e+00 1.000000000000000000e+00 2.119572312905597755e+02
1.000000000000000000e+00 0.000000000000000000e+00 0.000000000000000000e+00 -9.802611064222187309e+00 0.000000000000000000e+00 1.000000000000000000e+00 0.000000000000000000e+00 -3.370369656403074288e+00 0.000000000000000000e+00 0.000000000000000000e+00 1.000000000000000000e+00 2.126689775063800880e+02
1.000000000000000000e+00 0.000000000000000000e+00 0.000000000000000000e+00 -9.969558011796802788e+00 0.000000000000000000e+00 1.000000000000000000e+00 0.000000000000000000e+00 -3.384908168036947274e+00 0.000000000000000000e+00 0.000000000000000000e+00 1.000000000000000000e+00 2.136038729622173378e+02
1.000000000000000000e+00 0.000000000000000000e+00 0.000000000000000000e+00 -1.006721156468662670e+01 0.000000000000000000e+00 1.000000000000000000e+00 0.000000000000000000e+00 -3.406165915001640343e+00 0.000000000000000000e+00 0.000000000000000000e+00 1.000000000000000000e+00 2.142776874973583290e+02
1.000000000000000000e+00 0.000000000000000000e+00 0.000000000000000000e+00 -1.023927597334656170e+01 0.000000000000000000e+00 1.000000000000000000e+00 0.000000000000000000e+00 -3.420429082978973412e+00 0.000000000000000000e+00 0.000000000000000000e+00 1.000000000000000000e+00 2.148729927017498085e+02
1.000000000000000000e+00 0.000000000000000000e+00 0.000000000000000000e+00 -1.044315902521881512e+01 0.000000000000000000e+00 1.000000000000000000e+00 0.000000000000000000e+00 -3.426911607310632490e+00 0.000000000000000000e+00 0.000000000000000000e+00 1.000000000000000000e+00 2.155425742342281410e+02
1.000000000000000000e+00 0.000000000000000000e+00 0.000000000000000000e+00 -1.029854604234966686e+01 0.000000000000000000e+00 1.000000000000000000e+00 0.000000000000000000e+00 -3.445025529638389372e+00 0.000000000000000000e+00 0.000000000000000000e+00 1.000000000000000000e+00 2.164458149745273658e+02
1.000000000000000000e+00 0.000000000000000000e+00 0.000000000000000000e+00 -9.904876705315441399e+00 0.000000000000000000e+00 1.000000000000000000e+00 0.000000000000000000e+00 -3.488693043515542769e+00 0.000000000000000000e+00 0.000000000000000000e+00 1.000000000000000000e+00 2.174574571921634742e+02
1.000000000000000000e+00 0.000000000000000000e+00 0.000000000000000000e+00 -9.540343221333355217e+00 0.000000000000000000e+00 1.000000000000000000e+00 0.000000000000000000e+00 -3.535943996087173247e+00 0.000000000000000000e+00 0.000000000000000000e+00 1.000000000000000000e+00 2.185129032208728859e+02
1.000000000000000000e+00 0.000000000000000000e+00 0.000000000000000000e+00 -9.332302149441570549e+00 0.000000000000000000e+00 1.000000000000000000e+00 0.000000000000000000e+00 -3.557926475927690291e+00 0.000000000000000000e+00 0.000000000000000000e+00 1.000000000000000000e+00 2.194107071234989235e+02
1.000000000000000000e+00 0.000000000000000000e+00 0.000000000000000000e+00 -9.103594925310940056e+00 0.000000000000000000e+00 1.000000000000000000e+00 0.000000000000000000e+00 -3.577545190155962729e+00 0.000000000000000000e+00 0.000000000000000000e+00 1.000000000000000000e+00 2.203107535912799904e+02
1.000000000000000000e+00 0.000000000000000000e+00 0.000000000000000000e+00 -8.999652285185188560e+00 0.000000000000000000e+00 1.000000000000000000e+00 0.000000000000000000e+00 -3.581286552753756069e+00 0.000000000000000000e+00 0.000000000000000000e+00 1.000000000000000000e+00 2.210391705109882423e+02
1.000000000000000000e+00 0.000000000000000000e+00 0.000000000000000000e+00 -8.800229746904701500e+00 0.000000000000000000e+00 1.000000000000000000e+00 0.000000000000000000e+00 -3.590072540026614689e+00 0.000000000000000000e+00 0.000000000000000000e+00 1.000000000000000000e+00 2.218147215916919777e+02
1.000000000000000000e+00 0.000000000000000000e+00 0.000000000000000000e+00 -8.664163131323189049e+00 0.000000000000000000e+00 1.000000000000000000e+00 0.000000000000000000e+00 -3.592123885564962649e+00 0.000000000000000000e+00 0.000000000000000000e+00 1.000000000000000000e+00 2.226400556042003700e+02
1.000000000000000000e+00 0.000000000000000000e+00 0.000000000000000000e+00 -8.560174252894253044e+00 0.000000000000000000e+00 1.000000000000000000e+00 0.000000000000000000e+00 -3.606550234295884394e+00 0.000000000000000000e+00 0.000000000000000000e+00 1.000000000000000000e+00 2.236008749677944252e+02
1.000000000000000000e+00 0.000000000000000000e+00 0.000000000000000000e+00 -8.554348800387710838e+00 0.000000000000000000e+00 1.000000000000000000e+00 0.000000000000000000e+00 -3.618918194361487650e+00 0.000000000000000000e+00 0.000000000000000000e+00 1.000000000000000000e+00 2.247170550300884315e+02
1.000000000000000000e+00 0.000000000000000000e+00 0.000000000000000000e+00 -8.606624621954292564e+00 0.000000000000000000e+00 1.000000000000000000e+00 0.000000000000000000e+00 -3.628688882031003260e+00 0.000000000000000000e+00 0.000000000000000000e+00 1.000000000000000000e+00 2.258973532392788002e+02
1.000000000000000000e+00 0.000000000000000000e+00 0.000000000000000000e+00 -8.621990090292424469e+00 0.000000000000000000e+00 1.000000000000000000e+00 0.000000000000000000e+00 -3.647366869189301752e+00 0.000000000000000000e+00 0.000000000000000000e+00 1.000000000000000000e+00 2.269314974024105140e+02
1.000000000000000000e+00 0.000000000000000000e+00 0.000000000000000000e+00 -8.278363918941945343e+00 0.000000000000000000e+00 1.000000000000000000e+00 0.000000000000000000e+00 -3.699477306493083262e+00 0.000000000000000000e+00 0.000000000000000000e+00 1.000000000000000000e+00 2.277825381233501503e+02
1.000000000000000000e+00 0.000000000000000000e+00 0.000000000000000000e+00 -8.105883976500958710e+00 0.000000000000000000e+00 1.000000000000000000e+00 0.000000000000000000e+00 -3.725113886334458613e+00 0.000000000000000000e+00 0.000000000000000000e+00 1.000000000000000000e+00 2.282785666062641212e+02
1.000000000000000000e+00 0.000000000000000000e+00 0.000000000000000000e+00 -8.025835773032635956e+00 0.000000000000000000e+00 1.000000000000000000e+00 0.000000000000000000e+00 -3.730941568892905735e+00 0.000000000000000000e+00 0.000000000000000000e+00 1.000000000000000000e+00 2.290376630499172279e+02
1.000000000000000000e+00 0.000000000000000000e+00 0.000000000000000000e+00 -7.937027497273415833e+00 0.000000000000000000e+00 1.000000000000000000e+00 0.000000000000000000e+00 -3.737025328837791704e+00 0.000000000000000000e+00 0.000000000000000000e+00 1.000000000000000000e+00 2.300064265801715919e+02
1.000000000000000000e+00 0.000000000000000000e+00 0.000000000000000000e+00 -7.926061051022738724e+00 0.000000000000000000e+00 1.000000000000000000e+00 0.000000000000000000e+00 -3.745550122969309115e+00 0.000000000000000000e+00 0.000000000000000000e+00 1.000000000000000000e+00 2.311844965293216774e+02
1.000000000000000000e+00 0.000000000000000000e+00 0.000000000000000000e+00 -7.756339760553569107e+00 0.000000000000000000e+00 1.000000000000000000e+00 0.000000000000000000e+00 -3.771857918166080736e+00 0.000000000000000000e+00 0.000000000000000000e+00 1.000000000000000000e+00 2.324363654925632545e+02
1.000000000000000000e+00 0.000000000000000000e+00 0.000000000000000000e+00 -7.430901857149333267e+00 0.000000000000000000e+00 1.000000000000000000e+00 0.000000000000000000e+00 -3.800649066381613039e+00 0.000000000000000000e+00 0.000000000000000000e+00 1.000000000000000000e+00 2.337906104399967262e+02
1.000000000000000000e+00 0.000000000000000000e+00 0.000000000000000000e+00 -7.306818956565589218e+00 0.000000000000000000e+00 1.000000000000000000e+00 0.000000000000000000e+00 -3.834282935522953295e+00 0.000000000000000000e+00 0.000000000000000000e+00 1.000000000000000000e+00 2.351240739896106788e+02
1.000000000000000000e+00 0.000000000000000000e+00 0.000000000000000000e+00 -7.198866421413153915e+00 0.000000000000000000e+00 1.000000000000000000e+00 0.000000000000000000e+00 -3.895610560588995241e+00 0.000000000000000000e+00 0.000000000000000000e+00 1.000000000000000000e+00 2.364589715077686378e+02
1.000000000000000000e+00 0.000000000000000000e+00 0.000000000000000000e+00 -7.218596559074253349e+00 0.000000000000000000e+00 1.000000000000000000e+00 0.000000000000000000e+00 -3.941211172305504107e+00 0.000000000000000000e+00 0.000000000000000000e+00 1.000000000000000000e+00 2.376174540593433449e+02
1.000000000000000000e+00 0.000000000000000000e+00 0.000000000000000000e+00 -7.275879334714741020e+00 0.000000000000000000e+00 1.000000000000000000e+00 0.000000000000000000e+00 -3.983598736040750765e+00 0.000000000000000000e+00 0.000000000000000000e+00 1.000000000000000000e+00 2.387736208512592384e+02
1.000000000000000000e+00 0.000000000000000000e+00 0.000000000000000000e+00 -7.390462521519989281e+00 0.000000000000000000e+00 1.000000000000000000e+00 0.000000000000000000e+00 -4.020219021402755999e+00 0.000000000000000000e+00 0.000000000000000000e+00 1.000000000000000000e+00 2.396979760005283424e+02
1.000000000000000000e+00 0.000000000000000000e+00 0.000000000000000000e+00 -7.328158479240268974e+00 0.000000000000000000e+00 1.000000000000000000e+00 0.000000000000000000e+00 -4.061143846177021288e+00 0.000000000000000000e+00 0.000000000000000000e+00 1.000000000000000000e+00 2.405079461409854957e+02
1.000000000000000000e+00 0.000000000000000000e+00 0.000000000000000000e+00 -7.135227453019947319e+00 0.000000000000000000e+00 1.000000000000000000e+00 0.000000000000000000e+00 -4.082528014593282961e+00 0.000000000000000000e+00 0.000000000000000000e+00 1.000000000000000000e+00 2.413883554413127968e+02
1.000000000000000000e+00 0.000000000000000000e+00 0.000000000000000000e+00 -7.064763199594349175e+00 0.000000000000000000e+00 1.000000000000000000e+00 0.000000000000000000e+00 -4.100996124484101557e+00 0.000000000000000000e+00 0.000000000000000000e+00 1.000000000000000000e+00 2.423212691619205543e+02
1.000000000000000000e+00 0.000000000000000000e+00 0.000000000000000000e+00 -7.212360139992565422e+00 0.000000000000000000e+00 1.000000000000000000e+00 0.000000000000000000e+00 -4.114110737033644938e+00 0.000000000000000000e+00 0.000000000000000000e+00 1.000000000000000000e+00 2.431442482545185158e+02
1.000000000000000000e+00 0.000000000000000000e+00 0.000000000000000000e+00 -7.424934458043903618e+00 0.000000000000000000e+00 1.000000000000000000e+00 0.000000000000000000e+00 -4.125428701676884913e+00 0.000000000000000000e+00 0.000000000000000000e+00 1.000000000000000000e+00 2.440574886276531288e+02
1.000000000000000000e+00 0.000000000000000000e+00 0.000000000000000000e+00 -7.261704843547672539e+00 0.000000000000000000e+00 1.000000000000000000e+00 0.000000000000000000e+00 -4.157012096532145762e+00 0.000000000000000000e+00 0.000000000000000000e+00 1.000000000000000000e+00 2.450801418497371742e+02
1.000000000000000000e+00 0.000000000000000000e+00 0.000000000000000000e+00 -7.288412047606438904e+00 0.000000000000000000e+00 1.000000000000000000e+00 0.000000000000000000e+00 -4.172762020417014384e+00 0.000000000000000000e+00 0.000000000000000000e+00 1.000000000000000000e+00 2.462498423530864784e+02
1.000000000000000000e+00 0.000000000000000000e+00 0.000000000000000000e+00 -7.432619301658601074e+00 0.000000000000000000e+00 1.000000000000000000e+00 0.000000000000000000e+00 -4.174794117380390190e+00 0.000000000000000000e+00 0.000000000000000000e+00 1.000000000000000000e+00 2.473363890125560829e+02
1.000000000000000000e+00 0.000000000000000000e+00 0.000000000000000000e+00 -7.257675631028146057e+00 0.000000000000000000e+00 1.000000000000000000e+00 0.000000000000000000e+00 -4.187486967463502907e+00 0.000000000000000000e+00 0.000000000000000000e+00 1.000000000000000000e+00 2.483630835487651893e+02
