1.000000000000000000e+00 0.000000000000000000e+00 0.000000000000000000e+00 2.037581000000000114e-03 0.000000000000000000e+00 1.000000000000000000e+00 0.000000000000000000e+00 -6.302800999999999543e-02 0.000000000000000000e+00 0.000000000000000000e+00 1.000000000000000000e+00 3.941730000000000178e+00
1.000000000000000000e+00 0.000000000000000000e+00 0.000000000000000000e+00 2.346416226955947981e-01 0.000000000000000000e+00 1.000000000000000000e+00 0.000000000000000000e+00 -8.983538525224685212e-02 0.000000000000000000e+00 0.000000000000000000e+00 1.000000000000000000e+00 4.747209764938354226e+00
1.000000000000000000e+00 0.000000000000000000e+00 0.000000000000000000e+00 3.792911432119903670e-01 0.000000000000000000e+00 1.000000000000000000e+00 0.000000000000000000e+00 -1.092837065649127914e-01 0.000000000000000000e+00 0.000000000000000000e+00 1.000000000000000000e+00 5.640968181114196511e+00
1.000000000000000000e+00 0.000000000000000000e+00 0.000000000000000000e+00 4.887564516994056807e-01 0.000000000000000000e+00 1.000000000000000000e+00 0.000000000000000000e+00 -1.253296066266393616e-01 0.000000000000000000e+00 0.000000000000000000e+00 1.000000000000000000e+00 6.469317234973907205e+00
1.000000000000000000e+00 0.000000000000000000e+00 0.000000000000000000e+00 6.482887155744132546e-01 0.000000000000000000e+00 1.000000000000000000e+00 0.000000000000000000e+00 -1.469444915843105270e-01 0.000000000000000000e+00 0.000000000000000000e+00 1.000000000000000000e+00 7.149234987716674539e+00
1.000000000000000000e+00 0.000000000000000000e+00 0.000000000000000000e+00 8.237331695291099098e-01 0.000000000000000000e+00 1.000000000000000000e+00 0.000000000000000000e+00 -1.616398938191032364e-01 0.000000000000000000e+00 0.000000000000000000e+00 1.000000000000000000e+00 7.905959762554168435e+00
1.000000000000000000e+00 0.000000000000000000e+00 0.000000000000000000e+00 9.769035018416938332e-01 0.000000000000000000e+00 1.000000000000000000e+00 0.000000000000000000e+00 -1.828106478047466232e-01 0.000000000000000000e+00 0.000000000000000000e+00 1.000000000000000000e+00 8.612521089534759255e+00
1.000000000000000000e+00 0.000000000000000000e+00 0.000000000000000000e+00 1.157848183009296372e+00 0.000000000000000000e+00 1.000000000000000000e+00 0.000000000000000000e+00 -2.047770176273679688e-01 0.000000000000000000e+00 0.000000000000000000e+00 1.000000000000000000e+00 9.540556229572295877e+00
1.000000000000000000e+00 0.000000000000000000e+00 0.000000000000000000e+00 1.156331479493051484e+00 0.000000000000000000e+00 1.000000000000000000e+00 0.000000000000000000e+00 -2.218322217655277206e-01 0.000000000000000000e+00 0.000000000000000000e+00 1.000000000000000000e+00 1.050619737051010105e+01
1.000000000000000000e+00 0.000000000000000000e+00 0.000000000000000000e+00 1.172812402192026093e+00 0.000000000000000000e+00 1.000000000000000000e+00 0.000000000000000000e+00 -2.508959531974888080e-01 0.000000000000000000e+00 0.000000000000000000e+00 1.000000000000000000e+00 1.135317764423370335e+01
1.000000000000000000e+00 0.000000000000000000e+00 0.000000000000000000e+00 1.254402480963140443e+00 0.000000000000000000e+00 1.000000000000000000e+00 0.000000000000000000e+00 -2.754483431768512958e-01 0.000000000000000000e+00 0.000000000000000000e+00 1.000000000000000000e+00 1.238450548789978001e+01
1.000000000000000000e+00 0.000000000000000000e+00 0.000000000000000000e+00 1.166452959123521760e+00 0.000000000000000000e+00 1.000000000000000000e+00 0.000000000000000000e+00 -2.812557592247522109e-01 0.000000000000000000e+00 0.000000000000000000e+00 1.000000000000000000e+00 1.340934381626129124e+01
1.000000000000000000e+00 0.000000000000000000e+00 0.000000000000000000e+00 1.262463971916109040e+00 0.000000000000000000e+00 1.000000000000000000e+00 0.000000000000000000e+00 -3.043345081810748809e-01 0.000000000000000000e+00 0.000000000000000000e+00 1.000000000000000000e+00 1.441684994838714573e+01
1.000000000000000000e+00 0.000000000000000000e+00 0.000000000000000000e+00 1.503738626781373933e+00 0.000000000000000000e+00 1.000000000000000000e+00 0.000000000000000000e+00 -3.308259564642703765e-01 0.000000000000000000e+00 0.000000000000000000e+00 1.000000000000000000e+00 1.532091108701705906e+01
1.000000000000000000e+00 0.000000000000000000e+00 0.000000000000000000e+00 1.726727455798059419e+00 0.000000000000000000e+00 1.000000000000000000e+00 0.000000000000000000e+00 -3.580277058486736053e-01 0.000000000000000000e+00 0.000000000000000000e+00 1.000000000000000000e+00 1.613856700799941990e+01
1.000000000000000000e+00 0.000000000000000000e+00 0.000000000000000000e+00 1.851090200189023927e+00 0.000000000000000000e+00 1.000000000000000000e+00 0.000000000000000000e+00 -3.860458600525653594e-01 0.000000000000000000e+00 0.000000000000000000e+00 1.000000000000000000e+00 1.682672158620834324e+01
1.000000000000000000e+00 0.000000000000000000e+00 0.000000000000000000e+00 1.940597683134942963e+00 0.000000000000000000e+00 1.000000000000000000e+00 0.000000000000000000e+00 -4.075629114364183181e-01 0.000000000000000000e+00 0.000000000000000000e+00 1.000000000000000000e+00 1.752022007844924900e+01
1.000000000000000000e+00 0.000000000000000000e+00 0.000000000000000000e+00 1.857861548605829194e+00 0.000000000000000000e+00 1.000000000000000000e+00 0.000000000000000000e+00 -4.149351393994784587e-01 0.000000000000000000e+00 0.000000000000000000e+00 1.000000000000000000e+00 1.821216384313583347e+01
1.000000000000000000e+00 0.000000000000000000e+00 0.000000000000000000e+00 1.888990363049775079e+00 0.000000000000000000e+00 1.000000000000000000e+00 0.000000000000000000e+00 -4.326070169177747005e-01 0.000000000000000000e+00 0.000000000000000000e+00 1.000000000000000000e+00 1.927758542440414402e+01
1.000000000000000000e+00 0.000000000000000000e+00 0.000000000000000000e+00 1.850525451767712548e+00 0.000000000000000000e+00 1.000000000000000000e+00 0.000000000000000000e+00 -4.512841323581433528e-01 0.000000000000000000e+00 0.000000000000000000e+00 1.000000000000000000e+00 2.046874872587203953e+01
1.000000000000000000e+00 0.000000000000000000e+00 0.000000000000000000e+00 1.851244240942865327e+00 0.000000000000000000e+00 1.000000000000000000e+00 0.000000000000000000e+00 -4.695197301176285976e-01 0.000000000000000000e+00 0.000000000000000000e+00 1.000000000000000000e+00 2.171844962976455662e+01
1.000000000000000000e+00 0.000000000000000000e+00 0.000000000000000000e+00 1.816833265069395020e+00 0.000000000000000000e+00 1.000000000000000000e+00 0.000000000000000000e+00 -4.728523780782616370e-01 0.000000000000000000e+00 0.000000000000000000e+00 1.000000000000000000e+00 2.263940940044403050e+01
1.000000000000000000e+00 0.000000000000000000e+00 0.000000000000000000e+00 1.965815074685483888e+00 0.000000000000000000e+00 1.000000000000000000e+00 0.000000000000000000e+00 -5.166583572705185645e-01 0.000000000000000000e+00 0.000000000000000000e+00 1.000000000000000000e+00 2.350738421819686863e+01
1.000000000000000000e+00 0.000000000000000000e+00 0.000000000000000000e+00 2.001901999059587212e+00 0.000000000000000000e+00 1.000000000000000000e+00 0.000000000000000000e+00 -5.442645725984966987e-01 0.000000000000000000e+00 0.000000000000000000e+00 1.000000000000000000e+00 2.443788973234176609e+01
1.000000000000000000e+00 0.000000000000000000e+00 0.000000000000000000e+00 2.283903673234849663e+00 0.000000000000000000e+00 1.000000000000000000e+00 0.000000000000000000e+00 -5.769840170820152991e-01 0.000000000000000000e+00 0.000000000000000000e+00 1.000000000000000000e+00 2.513865641496658299e+01
1.000000000000000000e+00 0.000000000000000000e+00 0.000000000000000000e+00 2.400483041945367546e+00 0.000000000000000000e+00 1.000000000000000000e+00 0.000000000000000000e+00 -6.037348461528218024e-01 0.000000000000000000e+00 0.000000000000000000e+00 1.000000000000000000e+00 2.614699725053787205e+01
1.000000000000000000e+00 0.000000000000000000e+00 0.000000000000000000e+00 2.501450367215543480e+00 0.000000000000000000e+00 1.000000000000000000e+00 0.000000000000000000e+00 -6.367525895316994422e-01 0.000000000000000000e+00 0.000000000000000000e+00 1.000000000000000000e+00 2.702580235145568821e+01
1.000000000000000000e+00 0.000000000000000000e+00 0.000000000000000000e+00 2.386383116188913078e+00 0.000000000000000000e+00 1.000000000000000000e+00 0.000000000000000000e+00 -6.479416423668062919e-01 0.000000000000000000e+00 0.000000000000000000e+00 1.000000000000000000e+00 2.766600648305892918e+01
1.000000000000000000e+00 0.000000000000000000e+00 0.000000000000000000e+00 2.236374184432893486e+00 0.000000000000000000e+00 1.000000000000000000e+00 0.000000000000000000e+00 -6.754951187600291007e-01 0.000000000000000000e+00 0.000000000000000000e+00 1.000000000000000000e+00 2.822239354990005467e+01
1.000000000000000000e+00 0.000000000000000000e+00 0.000000000000000000e+00 1.999702379051118584e+00 0.000000000000000000e+00 1.000000000000000000e+00 0.000000000000000000e+00 -6.733866756972766154e-01 0.000000000000000000e+00 0.000000000000000000e+00 1.000000000000000000e+00 2.894061610839843723e+01
1.000000000000000000e+00 0.000000000000000000e+00 0.000000000000000000e+00 1.827400937620073051e+00 0.000000000000000000e+00 1.000000000000000000e+00 0.000000000000000000e+00 -6.798825421561396354e-01 0.000000000000000000e+00 0.000000000000000000e+00 1.000000000000000000e+00 2.990746066711425755e+01
1.000000000000000000e+00 0.000000000000000000e+00 0.000000000000000000e+00 1.686535790506273003e+00 0.000000000000000000e+00 1.000000000000000000e+00 0.000000000000000000e+00 -6.832175146979189151e-01 0.000000000000000000e+00 0.000000000000000000e+00 1.000000000000000000e+00 3.057868222139358494e+01
1.000000000000000000e+00 0.000000000000000000e+00 0.000000000000000000e+00 1.500513479057222099e+00 0.000000000000000000e+00 1.000000000000000000e+00 0.000000000000000000e+00 -6.677707977783775561e-01 0.000000000000000000e+00 0.000000000000000000e+00 1.000000000000000000e+00 3.118479857585906956e+01
1.000000000000000000e+00 0.000000000000000000e+00 0.000000000000000000e+00 1.422517277244001122e+00 0.000000000000000000e+00 1.000000000000000000e+00 0.000000000000000000e+00 -6.601655706022775405e-01 0.000000000000000000e+00 0.000000000000000000e+00 1.000000000000000000e+00 3.193972311161041233e+01
1.000000000000000000e+00 0.000000000000000000e+00 0.000000000000000000e+00 1.094804413560300560e+00 0.000000000000000000e+00 1.000000000000000000e+00 0.000000000000000000e+00 -6.445344909285104507e-01 0.000000000000000000e+00 0.000000000000000000e+00 1.000000000000000000e+00 3.279882071159362766e+01
1.000000000000000000e+00 0.000000000000000000e+00 0.000000000000000000e+00 7.611020877393777084e-01 0.000000000000000000e+00 1.000000000000000000e+00 0.000000000000000000e+00 -6.272071524714029067e-01 0.000000000000000000e+00 0.000000000000000000e+00 1.000000000000000000e+00 3.356661377094268772e+01
1.000000000000000000e+00 0.000000000000000000e+00 0.000000000000000000e+00 5.122473313840920639e-01 0.000000000000000000e+00 1.000000000000000000e+00 0.000000000000000000e+00 -6.189870088552034133e-01 0.000000000000000000e+00 0.000000000000000000e+00 1.000000000000000000e+00 3.413525608919143650e+01
1.000000000000000000e+00 0.000000000000000000e+00 0.000000000000000000e+00 2.372265830072457504e-01 0.000000000000000000e+00 1.000000000000000000e+00 0.000000000000000000e+00 -6.201136740115380519e-01 0.000000000000000000e+00 0.000000000000000000e+00 1.000000000000000000e+00 3.515030650041580174e+01
1.000000000000000000e+00 0.000000000000000000e+00 0.000000000000000000e+00 -6.461637472781589508e-02 0.000000000000000000e+00 1.000000000000000000e+00 0.000000000000000000e+00 -6.107139209476208919e-01 0.000000000000000000e+00 0.000000000000000000e+00 1.000000000000000000e+00 3.609282443664550755e+01
1.000000000000000000e+00 0.000000000000000000e+00 0.000000000000000000e+00 -2.132598385778372574e-01 0.000000000000000000e+00 1.000000000000000000e+00 0.000000000000000000e+00 -6.226280959513879054e-01 0.000000000000000000e+00 0.000000000000000000e+00 1.000000000000000000e+00 3.703514418743133518e+01
1.000000000000000000e+00 0.000000000000000000e+00 0.000000000000000000e+00 -5.720896646943991470e-01 0.000000000000000000e+00 1.000000000000000000e+00 0.000000000000000000e+00 -6.296349176396525138e-01 0.000000000000000000e+00 0.000000000000000000e+00 1.000000000000000000e+00 3.798519215724945042e+01
1.000000000000000000e+00 0.000000000000000000e+00 0.000000000000000000e+00 -8.461287841764395523e-01 0.000000000000000000e+00 1.000000000000000000e+00 0.000000000000000000e+00 -6.290824994635677569e-01 0.000000000000000000e+00 0.000000000000000000e+00 1.000000000000000000e+00 3.872930071495056126e+01
1.000000000000000000e+00 0.000000000000000000e+00 0.000000000000000000e+00 -1.048756025787920265e+00 0.000000000000000000e+00 1.000000000000000000e+00 0.000000000000000000e+00 -6.175951514583921664e-01 0.000000000000000000e+00 0.000000000000000000e+00 1.000000000000000000e+00 3.947939775131225559e+01
1.000000000000000000e+00 0.000000000000000000e+00 0.000000000000000000e+00 -1.269868739005655556e+00 0.000000000000000000e+00 1.000000000000000000e+00 0.000000000000000000e+00 -6.264744330388403171e-01 0.000000000000000000e+00 0.000000000000000000e+00 1.000000000000000000e+00 4.035915634773254368e+01
1.000000000000000000e+00 0.000000000000000000e+00 0.000000000000000000e+00 -1.404677890297502785e+00 0.000000000000000000e+00 1.000000000000000000e+00 0.000000000000000000e+00 -6.515498202484941714e-01 0.000000000000000000e+00 0.000000000000000000e+00 1.000000000000000000e+00 4.128634122751235935e+01
1.000000000000000000e+00 0.000000000000000000e+00 0.000000000000000000e+00 -1.506855249461263924e+00 0.000000000000000000e+00 1.000000000000000000e+00 0.000000000000000000e+00 -6.808565449160433047e-01 0.000000000000000000e+00 0.000000000000000000e+00 1.000000000000000000e+00 4.222952131174087498e+01
1.000000000000000000e+00 0.000000000000000000e+00 0.000000000000000000e+00 -1.591942183729738503e+00 0.000000000000000000e+00 1.000000000000000000e+00 0.000000000000000000e+00 -7.001498513114547961e-01 0.000000000000000000e+00 0.000000000000000000e+00 1.000000000000000000e+00 4.314687619350433323e+01
1.000000000000000000e+00 0.000000000000000000e+00 0.000000000000000000e+00 -1.722935728785127907e+00 0.000000000000000000e+00 1.000000000000000000e+00 0.000000000000000000e+00 -7.096658241194582217e-01 0.000000000000000000e+00 0.000000000000000000e+00 1.000000000000000000e+00 4.391917512557983372e+01
1.000000000000000000e+00 0.000000000000000000e+00 0.000000000000000000e+00 -1.937576539870828896e+00 0.000000000000000000e+00 1.000000000000000000e+00 0.000000000000000000e+00 -6.967981526818967097e-01 0.000000000000000000e+00 0.000000000000000000e+00 1.000000000000000000e+00 4.446224180601119969e+01
1.000000000000000000e+00 0.000000000000000000e+00 0.000000000000000000e+00 -2.297925986405939369e+00 0.000000000000000000e+00 1.000000000000000000e+00 0.000000000000000000e+00 -6.792215326991772884e-01 0.000000000000000000e+00 0.000000000000000000e+00 1.000000000000000000e+00 4.508280275009155247e+01
1.000000000000000000e+00 0.000000000000000000e+00 0.000000000000000000e+00 -2.720700033065408974e+00 0.000000000000000000e+00 1.000000000000000000e+00 0.000000000000000000e+00 -6.729746078331864112e-01 0.000000000000000000e+00 0.000000000000000000e+00 1.000000000000000000e+00 4.566643533847808811e+01
1.000000000000000000e+00 0.000000000000000000e+00 0.000000000000000000e+00 -2.823812082466215401e+00 0.000000000000000000e+00 1.000000000000000000e+00 0.000000000000000000e+00 -7.071027075131333106e-01 0.000000000000000000e+00 0.000000000000000000e+00 1.000000000000000000e+00 4.673668716094970677e+01
1.000000000000000000e+00 0.000000000000000000e+00 0.000000000000000000e+00 -2.827095126789540558e+00 0.000000000000000000e+00 1.000000000000000000e+00 0.000000000000000000e+00 -7.188713428755200141e-01 0.000000000000000000e+00 0.000000000000000000e+00 1.000000000000000000e+00 4.774211297176361057e+01
1.000000000000000000e+00 0.000000000000000000e+00 0.000000000000000000e+00 -2.849046111163229256e+00 0.000000000000000000e+00 1.000000000000000000e+00 0.000000000000000000e+00 -7.319766068090594047e-01 0.000000000000000000e+00 0.000000000000000000e+00 1.000000000000000000e+00 4.860821817062377903e+01
1.000000000000000000e+00 0.000000000000000000e+00 0.000000000000000000e+00 -2.946493133958906441e+00 0.000000000000000000e+00 1.000000000000000000e+00 0.000000000000000000e+00 -7.443781876196062797e-01 0.000000000000000000e+00 0.000000000000000000e+00 1.000000000000000000e+00 4.965939555309295628e+01
1.000000000000000000e+00 0.000000000000000000e+00 0.000000000000000000e+00 -2.917937189396948128e+00 0.000000000000000000e+00 1.000000000000000000e+00 0.000000000000000000e+00 -7.692165923495686286e-01 0.000000000000000000e+00 0.000000000000000000e+00 1.000000000000000000e+00 5.065090570590972874e+01
1.000000000000000000e+00 0.000000000000000000e+00 0.000000000000000000e+00 -2.785873234328359871e+00 0.000000000000000000e+00 1.000000000000000000e+00 0.000000000000000000e+00 -8.061194819589054816e-01 0.000000000000000000e+00 0.000000000000000000e+00 1.000000000000000000e+00 5.145603219411849949e+01
1.000000000000000000e+00 0.000000000000000000e+00 0.000000000000000000e+00 -2.427300274428457527e+00 0.000000000000000000e+00 1.000000000000000000e+00 0.000000000000000000e+00 -8.268734523286020988e-01 0.000000000000000000e+00 0.000000000000000000e+00 1.000000000000000000e+00 5.192764485619544956e+01
1.000000000000000000e+00 0.000000000000000000e+00 0.000000000000000000e+00 -2.263519167956442146e+00 0.000000000000000000e+00 1.000000000000000000e+00 0.000000000000000000e+00 -8.507598013807928794e-01 0.000000000000000000e+00 0.000000000000000000e+00 1.000000000000000000e+00 5.244639826558113072e+01
1.000000000000000000e+00 0.000000000000000000e+00 0.000000000000000000e+00 -2.066145956572622566e+00 0.000000000000000000e+00 1.000000000000000000e+00 0.000000000000000000e+00 -8.846103185047304862e-01 0.000000000000000000e+00 0.000000000000000000e+00 1.000000000000000000e+00 5.301045907280921909e+01
1.000000000000000000e+00 0.000000000000000000e+00 0.000000000000000000e+00 -2.052900187727541237e+00 0.000000000000000000e+00 1.000000000000000000e+00 0.000000000000000000e+00 -8.904313011285758250e-01 0.000000000000000000e+00 0.000000000000000000e+00 1.000000000000000000e+00 5.362693918488502476e+01
1.000000000000000000e+00 0.000000000000000000e+00 0.000000000000000000e+00 -2.078899534475535660e+00 0.000000000000000000e+00 1.000000000000000000e+00 0.000000000000000000e+00 -9.099983288166022533e-01 0.000000000000000000e+00 0.000000000000000000e+00 1.000000000000000000e+00 5.472477603695869419e+01
1.000000000000000000e+00 0.000000000000000000e+00 0.000000000000000000e+00 -2.151748115253180771e+00 0.000000000000000000e+00 1.000000000000000000e+00 0.000000000000000000e+00 -9.285318790194487804e-01 0.000000000000000000e+00 0.000000000000000000e+00 1.000000000000000000e+00 5.612880814812660191e+01
1.000000000000000000e+00 0.000000000000000000e+00 0.000000000000000000e+00 -2.276169301998347549e+00 0.000000000000000000e+00 1.000000000000000000e+00 0.000000000000000000e+00 -9.375524142947888606e-01 0.000000000000000000e+00 0.000000000000000000e+00 1.000000000000000000e+00 5.760402870915412876e+01
1.000000000000000000e+00 0.000000000000000000e+00 0.000000000000000000e+00 -2.244337635171145706e+00 0.000000000000000000e+00 1.000000000000000000e+00 0.000000000000000000e+00 -9.732772106495595210e-01 0.000000000000000000e+00 0.000000000000000000e+00 1.000000000000000000e+00 5.896232534192085240e+01
1.000000000000000000e+00 0.000000000000000000e+00 0.000000000000000000e+00 -2.190433995854586868e+00 0.000000000000000000e+00 1.000000000000000000e+00 0.000000000000000000e+00 -9.996968316105103725e-01 0.000000000000000000e+00 0.000000000000000000e+00 1.000000000000000000e+00 6.013852954648017857e+01
1.000000000000000000e+00 0.000000000000000000e+00 0.000000000000000000e+00 -2.222784759533137589e+00 0.000000000000000000e+00 1.000000000000000000e+00 0.000000000000000000e+00 -1.003854181543449187e+00 0.000000000000000000e+00 0.000000000000000000e+00 1.000000000000000000e+00 6.106586051724433872e+01
1.000000000000000000e+00 0.000000000000000000e+00 0.000000000000000000e+00 -2.203181756716698914e+00 0.000000000000000000e+00 1.000000000000000000e+00 0.000000000000000000e+00 -9.951131492112672561e-01 0.000000000000000000e+00 0.000000000000000000e+00 1.000000000000000000e+00 6.203922099612235996e+01
1.000000000000000000e+00 0.000000000000000000e+00 0.000000000000000000e+00 -2.368208376747102051e+00 0.000000000000000000e+00 1.000000000000000000e+00 0.000000000000000000e+00 -9.810654594753778213e-01 0.000000000000000000e+00 0.000000000000000000e+00 1.000000000000000000e+00 6.271377474806785557e+01
1.000000000000000000e+00 0.000000000000000000e+00 0.000000000000000000e+00 -2.541893078070611267e+00 0.000000000000000000e+00 1.000000000000000000e+00 0.000000000000000000e+00 -9.682409119983113044e-01 0.000000000000000000e+00 0.000000000000000000e+00 1.000000000000000000e+00 6.345615500948905918e+01
1.000000000000000000e+00 0.000000000000000000e+00 0.000000000000000000e+00 -2.870177758913964539e+00 0.000000000000000000e+00 1.000000000000000000e+00 0.000000000000000000e+00 -9.483178732176220649e-01 0.000000000000000000e+00 0.000000000000000000e+00 1.000000000000000000e+00 6.407538623354912488e+01
1.000000000000000000e+00 0.000000000000000000e+00 0.000000000000000000e+00 -3.100444195848435669e+00 0.000000000000000000e+00 1.000000000000000000e+00 0.000000000000000000e+00 -9.497498538535928958e-01 0.000000000000000000e+00 0.000000000000000000e+00 1.000000000000000000e+00 6.483936483405113904e+01
1.000000000000000000e+00 0.000000000000000000e+00 0.000000000000000000e+00 -3.287565318923920898e+00 0.000000000000000000e+00 1.000000000000000000e+00 0.000000000000000000e+00 -9.554306826745069259e-01 0.000000000000000000e+00 0.000000000000000000e+00 1.000000000000000000e+00 6.541393543026924817e+01
1.000000000000000000e+00 0.000000000000000000e+00 0.000000000000000000e+00 -3.394701635521382599e+00 0.000000000000000000e+00 1.000000000000000000e+00 0.000000000000000000e+00 -9.635639543835914367e-01 0.000000000000000000e+00 0.000000000000000000e+00 1.000000000000000000e+00 6.612658525250435559e+01
1.000000000000000000e+00 0.000000000000000000e+00 0.000000000000000000e+00 -3.267037680428952484e+00 0.000000000000000000e+00 1.000000000000000000e+00 0.000000000000000000e+00 -9.741350970421827071e-01 0.000000000000000000e+00 0.000000000000000000e+00 1.000000000000000000e+00 6.690514559290886609e+01
1.000000000000000000e+00 0.000000000000000000e+00 0.000000000000000000e+00 -3.098833238762349396e+00 0.000000000000000000e+00 1.000000000000000000e+00 0.000000000000000000e+00 -9.820257014785802596e-01 0.000000000000000000e+00 0.000000000000000000e+00 1.000000000000000000e+00 6.756382460139275281e+01
1.000000000000000000e+00 0.000000000000000000e+00 0.000000000000000000e+00 -2.982358595412701874e+00 0.000000000000000000e+00 1.000000000000000000e+00 0.000000000000000000e+00 -1.008667554632285857e+00 0.000000000000000000e+00 0.000000000000000000e+00 1.000000000000000000e+00 6.828206182263375013e+01
1.000000000000000000e+00 0.000000000000000000e+00 0.000000000000000000e+00 -3.050412533861130981e+00 0.000000000000000000e+00 1.000000000000000000e+00 0.000000000000000000e+00 -1.020988767892578863e+00 0.000000000000000000e+00 0.000000000000000000e+00 1.000000000000000000e+00 6.906957525752068250e+01
1.000000000000000000e+00 0.000000000000000000e+00 0.000000000000000000e+00 -3.400855867248505859e+00 0.000000000000000000e+00 1.000000000000000000e+00 0.000000000000000000e+00 -1.016103363521853709e+00 0.000000000000000000e+00 0.000000000000000000e+00 1.000000000000000000e+00 6.987946046135903089e+01
1.000000000000000000e+00 0.000000000000000000e+00 0.000000000000000000e+00 -3.905114797931641846e+00 0.000000000000000000e+00 1.000000000000000000e+00 0.000000000000000000e+00 -1.008617135156402611e+00 0.000000000000000000e+00 0.000000000000000000e+00 1.000000000000000000e+00 7.048699206851006238e+01
1.000000000000000000e+00 0.000000000000000000e+00 0.000000000000000000e+00 -4.467200068813294678e+00 0.000000000000000000e+00 1.000000000000000000e+00 0.000000000000000000e+00 -9.869665749561882251e-01 0.000000000000000000e+00 0.000000000000000000e+00 1.000000000000000000e+00 7.115403736374855725e+01
1.000000000000000000e+00 0.000000000000000000e+00 0.000000000000000000e+00 -4.874801157098740845e+00 0.000000000000000000e+00 1.000000000000000000e+00 0.000000000000000000e+00 -9.804938434814012282e-01 0.000000000000000000e+00 0.000000000000000000e+00 1.000000000000000000e+00 7.174507720015526502e+01
1.000000000000000000e+00 0.000000000000000000e+00 0.000000000000000000e+00 -4.959495788496464996e+00 0.000000000000000000e+00 1.000000000000000000e+00 0.000000000000000000e+00 -9.937604702268636458e-01 0.000000000000000000e+00 0.000000000000000000e+00 1.000000000000000000e+00 7.242908144734383313e+01
1.000000000000000000e+00 0.000000000000000000e+00 0.000000000000000000e+00 -5.085098018926114349e+00 0.000000000000000000e+00 1.000000000000000000e+00 0.000000000000000000e+00 -1.001731784940222525e+00 0.000000000000000000e+00 0.000000000000000000e+00 1.000000000000000000e+00 7.323401481650353162e+01
1.000000000000000000e+00 0.000000000000000000e+00 0.000000000000000000e+00 -5.016215695124596863e+00 0.000000000000000000e+00 1.000000000000000000e+00 0.000000000000000000e+00 -1.024035129622081541e+00 0.000000000000000000e+00 0.000000000000000000e+00 1.000000000000000000e+00 7.406759227059365003e+01
1.000000000000000000e+00 0.000000000000000000e+00 0.000000000000000000e+00 -4.798979265671700745e+00 0.000000000000000000e+00 1.000000000000000000e+00 0.000000000000000000e+00 -1.045425672010043883e+00 0.000000000000000000e+00 0.000000000000000000e+00 1.000000000000000000e+00 7.480715019248009412e+01
1.000000000000000000e+00 0.000000000000000000e+00 0.000000000000000000e+00 -4.419069035035104065e+00 0.000000000000000000e+00 1.000000000000000000e+00 0.000000000000000000e+00 -1.072258930579284453e+00 0.000000000000000000e+00 0.000000000000000000e+00 1.000000000000000000e+00 7.572540307782173841e+01
1.000000000000000000e+00 0.000000000000000000e+00 0.000000000000000000e+00 -4.036766214352578430e+00 0.000000000000000000e+00 1.000000000000000000e+00 0.000000000000000000e+00 -1.084237627611020827e+00 0.000000000000000000e+00 0.000000000000000000e+00 1.000000000000000000e+00 7.666306639454842298e+01
1.000000000000000000e+00 0.000000000000000000e+00 0.000000000000000000e+00 -3.581440700274438171e+00 0.000000000000000000e+00 1.000000000000000000e+00 0.000000000000000000e+00 -1.118535552099803709e+00 0.000000000000000000e+00 0.000000000000000000e+00 1.000000000000000000e+00 7.767428673050881116e+01
1.000000000000000000e+00 0.000000000000000000e+00 0.000000000000000000e+00 -3.206601960640877991e+00 0.000000000000000000e+00 1.000000000000000000e+00 0.000000000000000000e+00 -1.147446528003076338e+00 0.000000000000000000e+00 0.000000000000000000e+00 1.000000000000000000e+00 7.870199728749275891e+01
1.000000000000000000e+00 0.000000000000000000e+00 0.000000000000000000e+00 -2.802257103901833801e+00 0.000000000000000000e+00 1.000000000000000000e+00 0.000000000000000000e+00 -1.183288928047279143e+00 0.000000000000000000e+00 0.000000000000000000e+00 1.000000000000000000e+00 7.973841787121773450e+01
1.000000000000000000e+00 0.000000000000000000e+00 0.000000000000000000e+00 -2.376476569157571106e+00 0.000000000000000000e+00 1.000000000000000000e+00 0.000000000000000000e+00 -1.236010231003621840e+00 0.000000000000000000e+00 0.000000000000000000e+00 1.000000000000000000e+00 8.068393743775368421e+01
1.000000000000000000e+00 0.000000000000000000e+00 0.000000000000000000e+00 -2.097527010422677307e+00 0.000000000000000000e+00 1.000000000000000000e+00 0.000000000000000000e+00 -1.270351622179607176e+00 0.000000000000000000e+00 0.000000000000000000e+00 1.000000000000000000e+00 8.180343247197151868e+01
1.000000000000000000e+00 0.000000000000000000e+00 0.000000000000000000e+00 -1.936553640347451477e+00 0.000000000000000000e+00 1.000000000000000000e+00 0.000000000000000000e+00 -1.306903563365796828e+00 0.000000000000000000e+00 0.000000000000000000e+00 1.000000000000000000e+00 8.269675327084542005e+01
1.000000000000000000e+00 0.000000000000000000e+00 0.000000000000000000e+00 -1.955342702623934059e+00 0.000000000000000000e+00 1.000000000000000000e+00 0.000000000000000000e+00 -1.331538181677917265e+00 0.000000000000000000e+00 0.000000000000000000e+00 1.000000000000000000e+00 8.368941880009651868e+01
1.000000000000000000e+00 0.000000000000000000e+00 0.000000000000000000e+00 -2.118264533635706215e+00 0.000000000000000000e+00 1.000000000000000000e+00 0.000000000000000000e+00 -1.345272675082544112e+00 0.000000000000000000e+00 0.000000000000000000e+00 1.000000000000000000e+00 8.450139487526894300e+01
1.000000000000000000e+00 0.000000000000000000e+00 0.000000000000000000e+00 -2.516787745114893227e+00 0.000000000000000000e+00 1.000000000000000000e+00 0.000000000000000000e+00 -1.370206134319762015e+00 0.000000000000000000e+00 0.000000000000000000e+00 1.000000000000000000e+00 8.514510113738060681e+01
1.000000000000000000e+00 0.000000000000000000e+00 0.000000000000000000e+00 -3.136346019860834389e+00 0.000000000000000000e+00 1.000000000000000000e+00 0.000000000000000000e+00 -1.361046139076808714e+00 0.000000000000000000e+00 0.000000000000000000e+00 1.000000000000000000e+00 8.582701928160668103e+01
1.000000000000000000e+00 0.000000000000000000e+00 0.000000000000000000e+00 -3.657164074536890297e+00 0.000000000000000000e+00 1.000000000000000000e+00 0.000000000000000000e+00 -1.339541859850744032e+00 0.000000000000000000e+00 0.000000000000000000e+00 1.000000000000000000e+00 8.646728081248284070e+01
1.000000000000000000e+00 0.000000000000000000e+00 0.000000000000000000e+00 -3.991138525363535194e+00 0.000000000000000000e+00 1.000000000000000000e+00 0.000000000000000000e+00 -1.335466955248723053e+00 0.000000000000000000e+00 0.000000000000000000e+00 1.000000000000000000e+00 8.690402431033135144e+01
1.000000000000000000e+00 0.000000000000000000e+00 0.000000000000000000e+00 -4.259026326295465736e+00 0.000000000000000000e+00 1.000000000000000000e+00 0.000000000000000000e+00 -1.349415686373124146e+00 0.000000000000000000e+00 0.000000000000000000e+00 1.000000000000000000e+00 8.759873963139534681e+01
1.000000000000000000e+00 0.000000000000000000e+00 0.000000000000000000e+00 -4.460312254783243446e+00 0.000000000000000000e+00 1.000000000000000000e+00 0.000000000000000000e+00 -1.356991564780930304e+00 0.000000000000000000e+00 0.000000000000000000e+00 1.000000000000000000e+00 8.854694885752678601e+01
1.000000000000000000e+00 0.000000000000000000e+00 0.000000000000000000e+00 -4.583400532659620552e+00 0.000000000000000000e+00 1.000000000000000000e+00 0.000000000000000000e+00 -1.378665929586151861e+00 0.000000000000000000e+00 0.000000000000000000e+00 1.000000000000000000e+00 8.961982352278710096e+01
1.000000000000000000e+00 0.000000000000000000e+00 0.000000000000000000e+00 -4.665696002599329262e+00 0.000000000000000000e+00 1.000000000000000000e+00 0.000000000000000000e+00 -1.403991164565542960e+00 0.000000000000000000e+00 0.000000000000000000e+00 1.000000000000000000e+00 9.055209947369576184e+01
1.000000000000000000e+00 0.000000000000000000e+00 0.000000000000000000e+00 -4.742517188247770576e+00 0.000000000000000000e+00 1.000000000000000000e+00 0.000000000000000000e+00 -1.422541567981699728e+00 0.000000000000000000e+00 0.000000000000000000e+00 1.000000000000000000e+00 9.145593518755913465e+01
1.000000000000000000e+00 0.000000000000000000e+00 0.000000000000000000e+00 -4.880835458692640572e+00 0.000000000000000000e+00 1.000000000000000000e+00 0.000000000000000000e+00 -1.435985296890596175e+00 0.000000000000000000e+00 0.000000000000000000e+00 1.000000000000000000e+00 9.248616666338921277e+01
1.000000000000000000e+00 0.000000000000000000e+00 0.000000000000000000e+00 -5.045816734489530830e+00 0.000000000000000000e+00 1.000000000000000000e+00 0.000000000000000000e+00 -1.449601555169085287e+00 0.000000000000000000e+00 0.000000000000000000e+00 1.000000000000000000e+00 9.334266281865120618e+01
1.000000000000000000e+00 0.000000000000000000e+00 0.000000000000000000e+00 -5.268556550201505928e+00 0.000000000000000000e+00 1.000000000000000000e+00 0.000000000000000000e+00 -1.447548043840090060e+00 0.000000000000000000e+00 0.000000000000000000e+00 1.000000000000000000e+00 9.408034897587776868e+01
1.000000000000000000e+00 0.000000000000000000e+00 0.000000000000000000e+00 -5.562396183666319160e+00 0.000000000000000000e+00 1.000000000000000000e+00 0.000000000000000000e+00 -1.440463416669974350e+00 0.000000000000000000e+00 0.000000000000000000e+00 1.000000000000000000e+00 9.490019244692803113e+01
1.000000000000000000e+00 0.000000000000000000e+00 0.000000000000000000e+00 -5.649021774586767464e+00 0.000000000000000000e+00 1.000000000000000000e+00 0.000000000000000000e+00 -1.446774516180614256e+00 0.000000000000000000e+00 0.000000000000000000e+00 1.000000000000000000e+00 9.576800359032631604e+01
1.000000000000000000e+00 0.000000000000000000e+00 0.000000000000000000e+00 -5.792287990507215767e+00 0.000000000000000000e+00 1.000000000000000000e+00 0.000000000000000000e+00 -1.454589830637434744e+00 0.000000000000000000e+00 0.000000000000000000e+00 1.000000000000000000e+00 9.680284822724343030e+01
1.000000000000000000e+00 0.000000000000000000e+00 0.000000000000000000e+00 -5.782573303264111786e+00 0.000000000000000000e+00 1.000000000000000000e+00 0.000000000000000000e+00 -1.463902451023916029e+00 0.000000000000000000e+00 0.000000000000000000e+00 1.000000000000000000e+00 9.795690453789711682e+01
1.000000000000000000e+00 0.000000000000000000e+00 0.000000000000000000e+00 -5.822503423374623566e+00 0.000000000000000000e+00 1.000000000000000000e+00 0.000000000000000000e+00 -1.466505180504629635e+00 0.000000000000000000e+00 0.000000000000000000e+00 1.000000000000000000e+00 9.893848026535988538e+01
1.000000000000000000e+00 0.000000000000000000e+00 0.000000000000000000e+00 -5.749491019230813293e+00 0.000000000000000000e+00 1.000000000000000000e+00 0.000000000000000000e+00 -1.465178205557624125e+00 0.000000000000000000e+00 0.000000000000000000e+00 1.000000000000000000e+00 9.994733727715492932e+01
1.000000000000000000e+00 0.000000000000000000e+00 0.000000000000000000e+00 -5.673264769893616943e+00 0.000000000000000000e+00 1.000000000000000000e+00 0.000000000000000000e+00 -1.494505706169167780e+00 0.000000000000000000e+00 0.000000000000000000e+00 1.000000000000000000e+00 1.007924464418697426e+02
1.000000000000000000e+00 0.000000000000000000e+00 0.000000000000000000e+00 -5.901352150422066956e+00 0.000000000000000000e+00 1.000000000000000000e+00 0.000000000000000000e+00 -1.507961242385665201e+00 0.000000000000000000e+00 0.000000000000000000e+00 1.000000000000000000e+00 1.016145092322635719e+02
1.000000000000000000e+00 0.000000000000000000e+00 0.000000000000000000e+00 -6.165569407921761780e+00 0.000000000000000000e+00 1.000000000000000000e+00 0.000000000000000000e+00 -1.519594612457314753e+00 0.000000000000000000e+00 0.000000000000000000e+00 1.000000000000000000e+00 1.025719720198917457e+02
1.000000000000000000e+00 0.000000000000000000e+00 0.000000000000000000e+00 -6.384781418424577026e+00 0.000000000000000000e+00 1.000000000000000000e+00 0.000000000000000000e+00 -1.549169993885318064e+00 0.000000000000000000e+00 0.000000000000000000e+00 1.000000000000000000e+00 1.037651963307666847e+02
1.000000000000000000e+00 0.000000000000000000e+00 0.000000000000000000e+00 -6.597904099207848816e+00 0.000000000000000000e+00 1.000000000000000000e+00 0.000000000000000000e+00 -1.578682950623790049e+00 0.000000000000000000e+00 0.000000000000000000e+00 1.000000000000000000e+00 1.047881343438434669e+02
1.000000000000000000e+00 0.000000000000000000e+00 0.000000000000000000e+00 -6.696828855257958679e+00 0.000000000000000000e+00 1.000000000000000000e+00 0.000000000000000000e+00 -1.607103167959014201e+00 0.000000000000000000e+00 0.000000000000000000e+00 1.000000000000000000e+00 1.059670237376499244e+02
1.000000000000000000e+00 0.000000000000000000e+00 0.000000000000000000e+00 -6.774461602848500519e+00 0.000000000000000000e+00 1.000000000000000000e+00 0.000000000000000000e+00 -1.624857873581806444e+00 0.000000000000000000e+00 0.000000000000000000e+00 1.000000000000000000e+00 1.071542828156757423e+02
1.000000000000000000e+00 0.000000000000000000e+00 0.000000000000000000e+00 -6.829962356072396545e+00 0.000000000000000000e+00 1.000000000000000000e+00 0.000000000000000000e+00 -1.643126827590624117e+00 0.000000000000000000e+00 0.000000000000000000e+00 1.000000000000000000e+00 1.080176372601795265e+02
1.000000000000000000e+00 0.000000000000000000e+00 0.000000000000000000e+00 -6.980048639756173401e+00 0.000000000000000000e+00 1.000000000000000000e+00 0.000000000000000000e+00 -1.654132635258594775e+00 0.000000000000000000e+00 0.000000000000000000e+00 1.000000000000000000e+00 1.089842979981708595e+02
1.000000000000000000e+00 0.000000000000000000e+00 0.000000000000000000e+00 -7.045922523420781403e+00 0.000000000000000000e+00 1.000000000000000000e+00 0.000000000000000000e+00 -1.666459931917945170e+00 0.000000000000000000e+00 0.000000000000000000e+00 1.000000000000000000e+00 1.097726607992458412e+02
1.000000000000000000e+00 0.000000000000000000e+00 0.000000000000000000e+00 -6.860656222384900360e+00 0.000000000000000000e+00 1.000000000000000000e+00 0.000000000000000000e+00 -1.681493508555451655e+00 0.000000000000000000e+00 0.000000000000000000e+00 1.000000000000000000e+00 1.105896897985744545e+02
1.000000000000000000e+00 0.000000000000000000e+00 0.000000000000000000e+00 -6.522247007173032074e+00 0.000000000000000000e+00 1.000000000000000000e+00 0.000000000000000000e+00 -1.698777514435807490e+00 0.000000000000000000e+00 0.000000000000000000e+00 1.000000000000000000e+00 1.112756172492313453e+02
1.000000000000000000e+00 0.000000000000000000e+00 0.000000000000000000e+00 -6.161004534047574310e+00 0.000000000000000000e+00 1.000000000000000000e+00 0.000000000000000000e+00 -1.724600846805135035e+00 0.000000000000000000e+00 0.000000000000000000e+00 1.000000000000000000e+00 1.121021371557521888e+02
1.000000000000000000e+00 0.000000000000000000e+00 0.000000000000000000e+00 -5.885640373509854584e+00 0.000000000000000000e+00 1.000000000000000000e+00 0.000000000000000000e+00 -1.750210768469134592e+00 0.000000000000000000e+00 0.000000000000000000e+00 1.000000000000000000e+00 1.129102135970401832e+02
1.000000000000000000e+00 0.000000000000000000e+00 0.000000000000000000e+00 -5.660003399532765656e+00 0.000000000000000000e+00 1.000000000000000000e+00 0.000000000000000000e+00 -1.775111389272371554e+00 0.000000000000000000e+00 0.000000000000000000e+00 1.000000000000000000e+00 1.138566956593799659e+02
1.000000000000000000e+00 0.000000000000000000e+00 0.000000000000000000e+00 -5.622666141074628143e+00 0.000000000000000000e+00 1.000000000000000000e+00 0.000000000000000000e+00 -1.782663107309947037e+00 0.000000000000000000e+00 0.000000000000000000e+00 1.000000000000000000e+00 1.149338504149723121e+02
1.000000000000000000e+00 0.000000000000000000e+00 0.000000000000000000e+00 -5.679505689125985413e+00 0.000000000000000000e+00 1.000000000000000000e+00 0.000000000000000000e+00 -1.771333318595299744e+00 0.000000000000000000e+00 0.000000000000000000e+00 1.000000000000000000e+00 1.160310683324146339e+02
1.000000000000000000e+00 0.000000000000000000e+00 0.000000000000000000e+00 -5.866765363198251038e+00 0.000000000000000000e+00 1.000000000000000000e+00 0.000000000000000000e+00 -1.762459943462619805e+00 0.000000000000000000e+00 0.000000000000000000e+00 1.000000000000000000e+00 1.172309224679279396e+02
1.000000000000000000e+00 0.000000000000000000e+00 0.000000000000000000e+00 -6.053013144117326050e+00 0.000000000000000000e+00 1.000000000000000000e+00 0.000000000000000000e+00 -1.757847737446883940e+00 0.000000000000000000e+00 0.000000000000000000e+00 1.000000000000000000e+00 1.183763127400684425e+02
1.000000000000000000e+00 0.000000000000000000e+00 0.000000000000000000e+00 -6.173728978317708282e+00 0.000000000000000000e+00 1.000000000000000000e+00 0.000000000000000000e+00 -1.763133242186615490e+00 0.000000000000000000e+00 0.000000000000000000e+00 1.000000000000000000e+00 1.196260794474887916e+02
1.000000000000000000e+00 0.000000000000000000e+00 0.000000000000000000e+00 -6.213707512300938873e+00 0.000000000000000000e+00 1.000000000000000000e+00 0.000000000000000000e+00 -1.784770402517626309e+00 0.000000000000000000e+00 0.000000000000000000e+00 1.000000000000000000e+00 1.208167845084476539e+02
1.000000000000000000e+00 0.000000000000000000e+00 0.000000000000000000e+00 -6.286523675602406769e+00 0.000000000000000000e+00 1.000000000000000000e+00 0.000000000000000000e+00 -1.798718913849899792e+00 0.000000000000000000e+00 0.000000000000000000e+00 1.000000000000000000e+00 1.216258663012790748e+02
1.000000000000000000e+00 0.000000000000000000e+00 0.000000000000000000e+00 -6.495965605658025055e+00 0.000000000000000000e+00 1.000000000000000000e+00 0.000000000000000000e+00 -1.812235941570708775e+00 0.000000000000000000e+00 0.000000000000000000e+00 1.000000000000000000e+00 1.225190725996303627e+02
1.000000000000000000e+00 0.000000000000000000e+00 0.000000000000000000e+00 -6.542073248010606079e+00 0.000000000000000000e+00 1.000000000000000000e+00 0.000000000000000000e+00 -1.842540578376958393e+00 0.000000000000000000e+00 0.000000000000000000e+00 1.000000000000000000e+00 1.233725570514011451e+02
1.000000000000000000e+00 0.000000000000000000e+00 0.000000000000000000e+00 -6.303252754789323120e+00 0.000000000000000000e+00 1.000000000000000000e+00 0.000000000000000000e+00 -1.868446962368199848e+00 0.000000000000000000e+00 0.000000000000000000e+00 1.000000000000000000e+00 1.241836279108333656e+02
1.000000000000000000e+00 0.000000000000000000e+00 0.000000000000000000e+00 -6.238393714707822113e+00 0.000000000000000000e+00 1.000000000000000000e+00 0.000000000000000000e+00 -1.899368969183871769e+00 0.000000000000000000e+00 0.000000000000000000e+00 1.000000000000000000e+00 1.252074251844692299e+02
1.000000000000000000e+00 0.000000000000000000e+00 0.000000000000000000e+00 -6.176586559098691254e+00 0.000000000000000000e+00 1.000000000000000000e+00 0.000000000000000000e+00 -1.915752691608378910e+00 0.000000000000000000e+00 0.000000000000000000e+00 1.000000000000000000e+00 1.263378231003093788e+02
1.000000000000000000e+00 0.000000000000000000e+00 0.000000000000000000e+00 -6.165364676211506634e+00 0.000000000000000000e+00 1.000000000000000000e+00 0.000000000000000000e+00 -1.936582922395775341e+00 0.000000000000000000e+00 0.000000000000000000e+00 1.000000000000000000e+00 1.274718726351070472e+02
1.000000000000000000e+00 0.000000000000000000e+00 0.000000000000000000e+00 -6.126351323966414242e+00 0.000000000000000000e+00 1.000000000000000000e+00 0.000000000000000000e+00 -1.955872615259597325e+00 0.000000000000000000e+00 0.000000000000000000e+00 1.000000000000000000e+00 1.286335845663356849e+02
1.000000000000000000e+00 0.000000000000000000e+00 0.000000000000000000e+00 -6.212763299290568142e+00 0.000000000000000000e+00 1.000000000000000000e+00 0.000000000000000000e+00 -1.958643023781935000e+00 0.000000000000000000e+00 0.000000000000000000e+00 1.000000000000000000e+00 1.297312885000515053e+02
1.000000000000000000e+00 0.000000000000000000e+00 0.000000000000000000e+00 -6.327072811369330196e+00 0.000000000000000000e+00 1.000000000000000000e+00 0.000000000000000000e+00 -1.946327949800053858e+00 0.000000000000000000e+00 0.000000000000000000e+00 1.000000000000000000e+00 1.307294078542995521e+02
1.000000000000000000e+00 0.000000000000000000e+00 0.000000000000000000e+00 -6.400291194264323025e+00 0.000000000000000000e+00 1.000000000000000000e+00 0.000000000000000000e+00 -1.947606564891049885e+00 0.000000000000000000e+00 0.000000000000000000e+00 1.000000000000000000e+00 1.316016342117595741e+02
1.000000000000000000e+00 0.000000000000000000e+00 0.000000000000000000e+00 -6.366620090846449642e+00 0.000000000000000000e+00 1.000000000000000000e+00 0.000000000000000000e+00 -1.949926691055754446e+00 0.000000000000000000e+00 0.000000000000000000e+00 1.000000000000000000e+00 1.323619058205890724e+02
1.000000000000000000e+00 0.000000000000000000e+00 0.000000000000000000e+00 -6.339413280655175953e+00 0.000000000000000000e+00 1.000000000000000000e+00 0.000000000000000000e+00 -1.961842121482352042e+00 0.000000000000000000e+00 0.000000000000000000e+00 1.000000000000000000e+00 1.329695413186359474e+02
1.000000000000000000e+00 0.000000000000000000e+00 0.000000000000000000e+00 -6.351269451026350765e+00 0.000000000000000000e+00 1.000000000000000000e+00 0.000000000000000000e+00 -1.978206721991757178e+00 0.000000000000000000e+00 0.000000000000000000e+00 1.000000000000000000e+00 1.336722925975132057e+02
1.000000000000000000e+00 0.000000000000000000e+00 0.000000000000000000e+00 -6.556296792869002132e+00 0.000000000000000000e+00 1.000000000000000000e+00 0.000000000000000000e+00 -1.976750162821719670e+00 0.000000000000000000e+00 0.000000000000000000e+00 1.000000000000000000e+00 1.343202413990306923e+02
1.000000000000000000e+00 0.000000000000000000e+00 0.000000000000000000e+00 -6.568087852616340427e+00 0.000000000000000000e+00 1.000000000000000000e+00 0.000000000000000000e+00 -1.992804327439973378e+00 0.000000000000000000e+00 0.000000000000000000e+00 1.000000000000000000e+00 1.353248092605876991e+02
1.000000000000000000e+00 0.000000000000000000e+00 0.000000000000000000e+00 -6.392830110211402683e+00 0.000000000000000000e+00 1.000000000000000000e+00 0.000000000000000000e+00 -2.008718480747649693e+00 0.000000000000000000e+00 0.000000000000000000e+00 1.000000000000000000e+00 1.364495105221080848e+02
1.000000000000000000e+00 0.000000000000000000e+00 0.000000000000000000e+00 -6.307998358328372746e+00 0.000000000000000000e+00 1.000000000000000000e+00 0.000000000000000000e+00 -2.018239287119815373e+00 0.000000000000000000e+00 0.000000000000000000e+00 1.000000000000000000e+00 1.373896198346424171e+02
1.000000000000000000e+00 0.000000000000000000e+00 0.000000000000000000e+00 -6.144579662997752934e+00 0.000000000000000000e+00 1.000000000000000000e+00 0.000000000000000000e+00 -2.036238746177861714e+00 0.000000000000000000e+00 0.000000000000000000e+00 1.000000000000000000e+00 1.383950034453678199e+02
1.000000000000000000e+00 0.000000000000000000e+00 0.000000000000000000e+00 -5.856209232528239994e+00 0.000000000000000000e+00 1.000000000000000000e+00 0.000000000000000000e+00 -2.074403063785741352e+00 0.000000000000000000e+00 0.000000000000000000e+00 1.000000000000000000e+00 1.394713056161212990e+02
1.000000000000000000e+00 0.000000000000000000e+00 0.000000000000000000e+00 -5.586071505267650394e+00 0.000000000000000000e+00 1.000000000000000000e+00 0.000000000000000000e+00 -2.102634233814189457e+00 0.000000000000000000e+00 0.000000000000000000e+00 1.000000000000000000e+00 1.405129857137012550e+02
1.000000000000000000e+00 0.000000000000000000e+00 0.000000000000000000e+00 -5.391539110858470707e+00 0.000000000000000000e+00 1.000000000000000000e+00 0.000000000000000000e+00 -2.137952235918948674e+00 0.000000000000000000e+00 0.000000000000000000e+00 1.000000000000000000e+00 1.416827085091877052e+02
1.000000000000000000e+00 0.000000000000000000e+00 0.000000000000000000e+00 -5.150562568624049931e+00 0.000000000000000000e+00 1.000000000000000000e+00 0.000000000000000000e+00 -2.177607139032790684e+00 0.000000000000000000e+00 0.000000000000000000e+00 1.000000000000000000e+00 1.427922487332630226e+02
1.000000000000000000e+00 0.000000000000000000e+00 0.000000000000000000e+00 -5.077382220943004398e+00 0.000000000000000000e+00 1.000000000000000000e+00 0.000000000000000000e+00 -2.196431941744396710e+00 0.000000000000000000e+00 0.000000000000000000e+00 1.000000000000000000e+00 1.437868807389545509e+02
1.000000000000000000e+00 0.000000000000000000e+00 0.000000000000000000e+00 -4.949863522369891911e+00 0.000000000000000000e+00 1.000000000000000000e+00 0.000000000000000000e+00 -2.226222667303392910e+00 0.000000000000000000e+00 0.000000000000000000e+00 1.000000000000000000e+00 1.449657366349506447e+02
1.000000000000000000e+00 0.000000000000000000e+00 0.000000000000000000e+00 -5.042615673561126499e+00 0.000000000000000000e+00 1.000000000000000000e+00 0.000000000000000000e+00 -2.235767580029079937e+00 0.000000000000000000e+00 0.000000000000000000e+00 1.000000000000000000e+00 1.459792825057315895e+02
1.000000000000000000e+00 0.000000000000000000e+00 0.000000000000000000e+00 -5.144113718588382511e+00 0.000000000000000000e+00 1.000000000000000000e+00 0.000000000000000000e+00 -2.260310369935343289e+00 0.000000000000000000e+00 0.000000000000000000e+00 1.000000000000000000e+00 1.467630118205356666e+02
1.000000000000000000e+00 0.000000000000000000e+00 0.000000000000000000e+00 -5.189925625045329838e+00 0.000000000000000000e+00 1.000000000000000000e+00 0.000000000000000000e+00 -2.265146718286434435e+00 0.000000000000000000e+00 0.000000000000000000e+00 1.000000000000000000e+00 1.473376556708622047e+02
1.000000000000000000e+00 0.000000000000000000e+00 0.000000000000000000e+00 -5.500459238011867313e+00 0.000000000000000000e+00 1.000000000000000000e+00 0.000000000000000000e+00 -2.255298110582391047e+00 0.000000000000000000e+00 0.000000000000000000e+00 1.000000000000000000e+00 1.477357230558204719e+02
1.000000000000000000e+00 0.000000000000000000e+00 0.000000000000000000e+00 -6.078887625653774052e+00 0.000000000000000000e+00 1.000000000000000000e+00 0.000000000000000000e+00 -2.235702560209194445e+00 0.000000000000000000e+00 0.000000000000000000e+00 1.000000000000000000e+00 1.479680973067092964e+02
1.000000000000000000e+00 0.000000000000000000e+00 0.000000000000000000e+00 -6.317908539493114262e+00 0.000000000000000000e+00 1.000000000000000000e+00 0.000000000000000000e+00 -2.212637710310975336e+00 0.000000000000000000e+00 0.000000000000000000e+00 1.000000000000000000e+00 1.482572487368393013e+02
1.000000000000000000e+00 0.000000000000000000e+00 0.000000000000000000e+00 -6.592377408463985233e+00 0.000000000000000000e+00 1.000000000000000000e+00 0.000000000000000000e+00 -2.203671007343093180e+00 0.000000000000000000e+00 0.000000000000000000e+00 1.000000000000000000e+00 1.489327876343536445e+02
1.000000000000000000e+00 0.000000000000000000e+00 0.000000000000000000e+00 -6.693206063528091221e+00 0.000000000000000000e+00 1.000000000000000000e+00 0.000000000000000000e+00 -2.215016460903445505e+00 0.000000000000000000e+00 0.000000000000000000e+00 1.000000000000000000e+00 1.499278576149749824e+02
1.000000000000000000e+00 0.000000000000000000e+00 0.000000000000000000e+00 -6.547210401911765842e+00 0.000000000000000000e+00 1.000000000000000000e+00 0.000000000000000000e+00 -2.231750744320908808e+00 0.000000000000000000e+00 0.000000000000000000e+00 1.000000000000000000e+00 1.509768993630218574e+02
1.000000000000000000e+00 0.000000000000000000e+00 0.000000000000000000e+00 -6.296318030972511082e+00 0.000000000000000000e+00 1.000000000000000000e+00 0.000000000000000000e+00 -2.273369855173388743e+00 0.000000000000000000e+00 0.000000000000000000e+00 1.000000000000000000e+00 1.521329811587143013e+02
1.000000000000000000e+00 0.000000000000000000e+00 0.000000000000000000e+00 -6.210313378889591007e+00 0.000000000000000000e+00 1.000000000000000000e+00 0.000000000000000000e+00 -2.312603480108538889e+00 0.000000000000000000e+00 0.000000000000000000e+00 1.000000000000000000e+00 1.533798482193756172e+02
1.000000000000000000e+00 0.000000000000000000e+00 0.000000000000000000e+00 -6.251755206902057438e+00 0.000000000000000000e+00 1.000000000000000000e+00 0.000000000000000000e+00 -2.340693118907967829e+00 0.000000000000000000e+00 0.000000000000000000e+00 1.000000000000000000e+00 1.544363170637893745e+02
1.000000000000000000e+00 0.000000000000000000e+00 0.000000000000000000e+00 -6.407297506053478031e+00 0.000000000000000000e+00 1.000000000000000000e+00 0.000000000000000000e+00 -2.381774551161090159e+00 0.000000000000000000e+00 0.000000000000000000e+00 1.000000000000000000e+00 1.554949649348068306e+02
1.000000000000000000e+00 0.000000000000000000e+00 0.000000000000000000e+00 -6.492661572117835789e+00 0.000000000000000000e+00 1.000000000000000000e+00 0.000000000000000000e+00 -2.415505523719350123e+00 0.000000000000000000e+00 0.000000000000000000e+00 1.000000000000000000e+00 1.565440081133651802e+02
1.000000000000000000e+00 0.000000000000000000e+00 0.000000000000000000e+00 -6.526941142101318150e+00 0.000000000000000000e+00 1.000000000000000000e+00 0.000000000000000000e+00 -2.443696527667800211e+00 0.000000000000000000e+00 0.000000000000000000e+00 1.000000000000000000e+00 1.575480789913940498e+02
1.000000000000000000e+00 0.000000000000000000e+00 0.000000000000000000e+00 -6.518677937854558735e+00 0.000000000000000000e+00 1.000000000000000000e+00 0.000000000000000000e+00 -2.482406417765179896e+00 0.000000000000000000e+00 0.000000000000000000e+00 1.000000000000000000e+00 1.585440162195968696e+02
1.000000000000000000e+00 0.000000000000000000e+00 0.000000000000000000e+00 -6.641890074182779102e+00 0.000000000000000000e+00 1.000000000000000000e+00 0.000000000000000000e+00 -2.490552409477988505e+00 0.000000000000000000e+00 0.000000000000000000e+00 1.000000000000000000e+00 1.595933798327255317e+02
1.000000000000000000e+00 0.000000000000000000e+00 0.000000000000000000e+00 -6.749776239563257008e+00 0.000000000000000000e+00 1.000000000000000000e+00 0.000000000000000000e+00 -2.480917727500656866e+00 0.000000000000000000e+00 0.000000000000000000e+00 1.000000000000000000e+00 1.604645473732757637e+02
1.000000000000000000e+00 0.000000000000000000e+00 0.000000000000000000e+00 -6.834349061418802052e+00 0.000000000000000000e+00 1.000000000000000000e+00 0.000000000000000000e+00 -2.457184715122441077e+00 0.000000000000000000e+00 0.000000000000000000e+00 1.000000000000000000e+00 1.609981690420913765e+02
1.000000000000000000e+00 0.000000000000000000e+00 0.000000000000000000e+00 -7.173037315775186329e+00 0.000000000000000000e+00 1.000000000000000000e+00 0.000000000000000000e+00 -2.441642874777773642e+00 0.000000000000000000e+00 0.000000000000000000e+00 1.000000000000000000e+00 1.618102365507888862e+02
1.000000000000000000e+00 0.000000000000000000e+00 0.000000000000000000e+00 -7.265442538131505756e+00 0.000000000000000000e+00 1.000000000000000000e+00 0.000000000000000000e+00 -2.434083137121508145e+00 0.000000000000000000e+00 0.000000000000000000e+00 1.000000000000000000e+00 1.627055790796089241e+02
1.000000000000000000e+00 0.000000000000000000e+00 0.000000000000000000e+00 -7.461637782920629292e+00 0.000000000000000000e+00 1.000000000000000000e+00 0.000000000000000000e+00 -2.429242525175670409e+00 0.000000000000000000e+00 0.000000000000000000e+00 1.000000000000000000e+00 1.637311524524498054e+02
1.000000000000000000e+00 0.000000000000000000e+00 0.000000000000000000e+00 -7.894143807758123188e+00 0.000000000000000000e+00 1.000000000000000000e+00 0.000000000000000000e+00 -2.426369875129768872e+00 0.000000000000000000e+00 0.000000000000000000e+00 1.000000000000000000e+00 1.647917849197197029e+02
1.000000000000000000e+00 0.000000000000000000e+00 0.000000000000000000e+00 -7.983008752633363514e+00 0.000000000000000000e+00 1.000000000000000000e+00 0.000000000000000000e+00 -2.458316694405386471e+00 0.000000000000000000e+00 0.000000000000000000e+00 1.000000000000000000e+00 1.660232704057502815e+02
1.000000000000000000e+00 0.000000000000000000e+00 0.000000000000000000e+00 -7.814472477008134632e+00 0.000000000000000000e+00 1.000000000000000000e+00 0.000000000000000000e+00 -2.490596003290722393e+00 0.000000000000000000e+00 0.000000000000000000e+00 1.000000000000000000e+00 1.673290142192649910e+02
1.000000000000000000e+00 0.000000000000000000e+00 0.000000000000000000e+00 -7.643065075446397572e+00 0.000000000000000000e+00 1.000000000000000000e+00 0.000000000000000000e+00 -2.525112073328802609e+00 0.000000000000000000e+00 0.000000000000000000e+00 1.000000000000000000e+00 1.685144766940879890e+02
1.000000000000000000e+00 0.000000000000000000e+00 0.000000000000000000e+00 -7.113131205607682972e+00 0.000000000000000000e+00 1.000000000000000000e+00 0.000000000000000000e+00 -2.580778244343111538e+00 0.000000000000000000e+00 0.000000000000000000e+00 1.000000000000000000e+00 1.698345983400154182e+02
1.000000000000000000e+00 0.000000000000000000e+00 0.000000000000000000e+00 -6.880653361846238880e+00 0.000000000000000000e+00 1.000000000000000000e+00 0.000000000000000000e+00 -2.611805300619909787e+00 0.000000000000000000e+00 0.000000000000000000e+00 1.000000000000000000e+00 1.711335143222618171e+02
1.000000000000000000e+00 0.000000000000000000e+00 0.000000000000000000e+00 -6.835764366258413105e+00 0.000000000000000000e+00 1.000000000000000000e+00 0.000000000000000000e+00 -2.628075733241150402e+00 0.000000000000000000e+00 0.000000000000000000e+00 1.000000000000000000e+00 1.722142807616996834e+02
1.000000000000000000e+00 0.000000000000000000e+00 0.000000000000000000e+00 -6.989389973748952656e+00 0.000000000000000000e+00 1.000000000000000000e+00 0.000000000000000000e+00 -2.650915182587215924e+00 0.000000000000000000e+00 0.000000000000000000e+00 1.000000000000000000e+00 1.731185813321876594e+02
1.000000000000000000e+00 0.000000000000000000e+00 0.000000000000000000e+00 -7.451774197686940937e+00 0.000000000000000000e+00 1.000000000000000000e+00 0.000000000000000000e+00 -2.672841716018030667e+00 0.000000000000000000e+00 0.000000000000000000e+00 1.000000000000000000e+00 1.738721256031799385e+02
1.000000000000000000e+00 0.000000000000000000e+00 0.000000000000000000e+00 -7.788528430331975727e+00 0.000000000000000000e+00 1.000000000000000000e+00 0.000000000000000000e+00 -2.668984184898892664e+00 0.000000000000000000e+00 0.000000000000000000e+00 1.000000000000000000e+00 1.746908380760955879e+02
1.000000000000000000e+00 0.000000000000000000e+00 0.000000000000000000e+00 -7.886949452627927570e+00 0.000000000000000000e+00 1.000000000000000000e+00 0.000000000000000000e+00 -2.673945830595204853e+00 0.000000000000000000e+00 0.000000000000000000e+00 1.000000000000000000e+00 1.757080214991378853e+02
1.000000000000000000e+00 0.000000000000000000e+00 0.000000000000000000e+00 -7.830632935334474354e+00 0.000000000000000000e+00 1.000000000000000000e+00 0.000000000000000000e+00 -2.682575338911721730e+00 0.000000000000000000e+00 0.000000000000000000e+00 1.000000000000000000e+00 1.768438730015564033e+02
1.000000000000000000e+00 0.000000000000000000e+00 0.000000000000000000e+00 -7.949074748028547077e+00 0.000000000000000000e+00 1.000000000000000000e+00 0.000000000000000000e+00 -2.712445707452008747e+00 0.000000000000000000e+00 0.000000000000000000e+00 1.000000000000000000e+00 1.781854693665313789e+02
1.000000000000000000e+00 0.000000000000000000e+00 0.000000000000000000e+00 -8.064194272328645496e+00 0.000000000000000000e+00 1.000000000000000000e+00 0.000000000000000000e+00 -2.754571848940560841e+00 0.000000000000000000e+00 0.000000000000000000e+00 1.000000000000000000e+00 1.793716045393753120e+02
1.000000000000000000e+00 0.000000000000000000e+00 0.000000000000000000e+00 -8.346428672839433460e+00 0.000000000000000000e+00 1.000000000000000000e+00 0.000000000000000000e+00 -2.779858825188586735e+00 0.000000000000000000e+00 0.000000000000000000e+00 1.000000000000000000e+00 1.804033757223892280e+02
1.000000000000000000e+00 0.000000000000000000e+00 0.000000000000000000e+00 -8.501394908000261097e+00 0.000000000000000000e+00 1.000000000000000000e+00 0.000000000000000000e+00 -2.794025470894286656e+00 0.000000000000000000e+00 0.000000000000000000e+00 1.000000000000000000e+00 1.813610183968353340e+02
1.000000000000000000e+00 0.000000000000000000e+00 0.000000000000000000e+00 -8.720467726756364613e+00 0.000000000000000000e+00 1.000000000000000000e+00 0.000000000000000000e+00 -2.808375955950925373e+00 0.000000000000000000e+00 0.000000000000000000e+00 1.000000000000000000e+00 1.823630380406189033e+02
1.000000000000000000e+00 0.000000000000000000e+00 0.000000000000000000e+00 -8.707722664867073803e+00 0.000000000000000000e+00 1.000000000000000000e+00 0.000000000000000000e+00 -2.831894309651563191e+00 0.000000000000000000e+00 0.000000000000000000e+00 1.000000000000000000e+00 1.830833044423866340e+02
1.000000000000000000e+00 0.000000000000000000e+00 0.000000000000000000e+00 -8.709862251822382717e+00 0.000000000000000000e+00 1.000000000000000000e+00 0.000000000000000000e+00 -2.854513022508928799e+00 0.000000000000000000e+00 0.000000000000000000e+00 1.000000000000000000e+00 1.840744777097511360e+02
1.000000000000000000e+00 0.000000000000000000e+00 0.000000000000000000e+00 -8.641145681087404995e+00 0.000000000000000000e+00 1.000000000000000000e+00 0.000000000000000000e+00 -2.868834869396398091e+00 0.000000000000000000e+00 0.000000000000000000e+00 1.000000000000000000e+00 1.851436318530845710e+02
1.000000000000000000e+00 0.000000000000000000e+00 0.000000000000000000e+00 -8.419682760779291897e+00 0.000000000000000000e+00 1.000000000000000000e+00 0.000000000000000000e+00 -2.878109923955509686e+00 0.000000000000000000e+00 0.000000000000000000e+00 1.000000000000000000e+00 1.857686004414367744e+02
1.000000000000000000e+00 0.000000000000000000e+00 0.000000000000000000e+00 -8.431118250880867748e+00 0.000000000000000000e+00 1.000000000000000000e+00 0.000000000000000000e+00 -2.883649039008179926e+00 0.000000000000000000e+00 0.000000000000000000e+00 1.000000000000000000e+00 1.867486195339965889e+02
1.000000000000000000e+00 0.000000000000000000e+00 0.000000000000000000e+00 -8.531407133732468395e+00 0.000000000000000000e+00 1.000000000000000000e+00 0.000000000000000000e+00 -2.898218481727401041e+00 0.000000000000000000e+00 0.000000000000000000e+00 1.000000000000000000e+00 1.877590044512558052e+02
1.000000000000000000e+00 0.000000000000000000e+00 0.000000000000000000e+00 -8.567330465708405285e+00 0.000000000000000000e+00 1.000000000000000000e+00 0.000000000000000000e+00 -2.909646944068828844e+00 0.000000000000000000e+00 0.000000000000000000e+00 1.000000000000000000e+00 1.886763812079238960e+02
1.000000000000000000e+00 0.000000000000000000e+00 0.000000000000000000e+00 -8.584362204242975025e+00 0.000000000000000000e+00 1.000000000000000000e+00 0.000000000000000000e+00 -2.933026582859913134e+00 0.000000000000000000e+00 0.000000000000000000e+00 1.000000000000000000e+00 1.895463263764190742e+02
1.000000000000000000e+00 0.000000000000000000e+00 0.000000000000000000e+00 -8.730859126020700245e+00 0.000000000000000000e+00 1.000000000000000000e+00 0.000000000000000000e+00 -2.956286058687130236e+00 0.000000000000000000e+00 0.000000000000000000e+00 1.000000000000000000e+00 1.901910850181388923e+02
1.000000000000000000e+00 0.000000000000000000e+00 0.000000000000000000e+00 -8.784180211890966206e+00 0.000000000000000000e+00 1.000000000000000000e+00 0.000000000000000000e+00 -2.989740249626795077e+00 0.000000000000000000e+00 0.000000000000000000e+00 1.000000000000000000e+00 1.908422781600761482e+02
1.000000000000000000e+00 0.000000000000000000e+00 0.000000000000000000e+00 -8.898158858586580067e+00 0.000000000000000000e+00 1.000000000000000000e+00 0.000000000000000000e+00 -3.001718980186144137e+00 0.000000000000000000e+00 0.000000000000000000e+00 1.000000000000000000e+00 1.914358625783729622e+02
1.000000000000000000e+00 0.000000000000000000e+00 0.000000000000000000e+00 -8.862645986546308308e+00 0.000000000000000000e+00 1.000000000000000000e+00 0.000000000000000000e+00 -3.010865284987250590e+00 0.000000000000000000e+00 0.000000000000000000e+00 1.000000000000000000e+00 1.923713105096626350e+02
1.000000000000000000e+00 0.000000000000000000e+00 0.000000000000000000e+00 -9.006096500028402119e+00 0.000000000000000000e+00 1.000000000000000000e+00 0.000000000000000000e+00 -3.030322643854180598e+00 0.000000000000000000e+00 0.000000000000000000e+00 1.000000000000000000e+00 1.933944188728141853e+02
1.000000000000000000e+00 0.000000000000000000e+00 0.000000000000000000e+00 -9.418058919776708393e+00 0.000000000000000000e+00 1.000000000000000000e+00 0.000000000000000000e+00 -3.047002856545606875e+00 0.000000000000000000e+00 0.000000000000000000e+00 1.000000000000000000e+00 1.944137286319542000e+02
1.000000000000000000e+00 0.000000000000000000e+00 0.000000000000000000e+00 -9.709882724155217915e+00 0.000000000000000000e+00 1.000000000000000000e+00 0.000000000000000000e+00 -3.074422405027309679e+00 0.000000000000000000e+00 0.000000000000000000e+00 1.000000000000000000e+00 1.954343783035087654e+02
1.000000000000000000e+00 0.000000000000000000e+00 0.000000000000000000e+00 -9.869463938344747334e+00 0.000000000000000000e+00 1.000000000000000000e+00 0.000000000000000000e+00 -3.093501725160042071e+00 0.000000000000000000e+00 0.000000000000000000e+00 1.000000000000000000e+00 1.964413109197425911e+02
1.000000000000000000e+00 0.000000000000000000e+00 0.000000000000000000e+00 -9.750590304900438099e+00 0.000000000000000000e+00 1.000000000000000000e+00 0.000000000000000000e+00 -3.124174893759647631e+00 0.000000000000000000e+00 0.000000000000000000e+00 1.000000000000000000e+00 1.975064918174552986e+02
1.000000000000000000e+00 0.000000000000000000e+00 0.000000000000000000e+00 -9.646242248882085590e+00 0.000000000000000000e+00 1.000000000000000000e+00 0.000000000000000000e+00 -3.152951505892435335e+00 0.000000000000000000e+00 0.000000000000000000e+00 1.000000000000000000e+00 1.987147753610420295e+02
1.000000000000000000e+00 0.000000000000000000e+00 0.000000000000000000e+00 -9.615843261648446827e+00 0.000000000000000000e+00 1.000000000000000000e+00 0.000000000000000000e+00 -3.179589942954937243e+00 0.000000000000000000e+00 0.000000000000000000e+00 1.000000000000000000e+00 1.999902899637031624e+02
1.000000000000000000e+00 0.000000000000000000e+00 0.000000000000000000e+00 -9.728239792455465107e+00 0.000000000000000000e+00 1.000000000000000000e+00 0.000000000000000000e+00 -3.201165405028024935e+00 0.000000000000000000e+00 0.000000000000000000e+00 1.000000000000000000e+00 2.014132361783790657e+02
1.000000000000000000e+00 0.000000000000000000e+00 0.000000000000000000e+00 -9.926116812099248676e+00 0.000000000000000000e+00 1.000000000000000000e+00 0.000000000000000000e+00 -3.204531224836120629e+00 0.000000000000000000e+00 0.000000000000000000e+00 1.000000000000000000e+00 2.026574807538795540e+02
1.000000000000000000e+00 0.000000000000000000e+00 0.000000000000000000e+00 -1.004444850521209887e+01 0.000000000000000000e+00 1.000000000000000000e+00 0.000000000000000000e+00 -3.222887447495470070e+00 0.000000000000000000e+00 0.000000000000000000e+00 1.000000000000000000e+00 2.039007591380882332e+02
1.000000000000000000e+00 0.000000000000000000e+00 0.000000000000000000e+00 -1.021663240628364733e+01 0.000000000000000000e+00 1.000000000000000000e+00 0.000000000000000000e+00 -3.237536205370435738e+00 0.000000000000000000e+00 0.000000000000000000e+00 1.000000000000000000e+00 2.050291004552650520e+02
1.000000000000000000e+00 0.000000000000000000e+00 0.000000000000000000e+00 -1.011855690466287783e+01 0.000000000000000000e+00 1.000000000000000000e+00 0.000000000000000000e+00 -3.271655181814441704e+00 0.000000000000000000e+00 0.000000000000000000e+00 1.000000000000000000e+00 2.061455965413856575e+02
1.000000000000000000e+00 0.000000000000000000e+00 0.000000000000000000e+00 -9.964112582672864704e+00 0.000000000000000000e+00 1.000000000000000000e+00 0.000000000000000000e+00 -3.298544167001256966e+00 0.000000000000000000e+00 0.000000000000000000e+00 1.000000000000000000e+00 2.070624751820373604e+02
1.000000000000000000e+00 0.000000000000000000e+00 0.000000000000000000e+00 -9.913997973371774464e+00 0.000000000000000000e+00 1.000000000000000000e+00 0.000000000000000000e+00 -3.314134361613998436e+00 0.000000000000000000e+00 0.000000000000000000e+00 1.000000000000000000e+00 2.081153303160476753e+02
1.000000000000000000e+00 0.000000000000000000e+00 0.000000000000000000e+00 -9.975640448797971516e+00 0.000000000000000000e+00 1.000000000000000000e+00 0.000000000000000000e+00 -3.318981389441052698e+00 0.000000000000000000e+00 0.000000000000000000e+00 1.000000000000000000e+00 2.090129673256683418e+02
1.000000000000000000e+00 0.000000000000000000e+00 0.000000000000000000e+00 -9.801308604944974689e+00 0.000000000000000000e+00 1.000000000000000000e+00 0.000000000000000000e+00 -3.331281321980515742e+00 0.000000000000000000e+00 0.000000000000000000e+00 1.000000000000000000e+00 2.099746149554061958e+02
1.000000000000000000e+00 0.000000000000000000e+00 0.000000000000000000e+00 -9.738524916638166218e+00 0.000000000000000000e+00 1.000000000000000000e+00 0.000000000000000000e+00 -3.347186098732510828e+00 0.000000000000000000e+00 0.000000000000000000e+00 1.000000000000000000e+00 2.109715729727554390e+02
1.000000000000000000e+00 0.000000000000000000e+00 0.000000000000000000e+00 -9.698261397947103291e+00 0.000000000000000000e+00 1.000000000000000000e+00 0.000000000000000000e+00 -3.361175480224648737e+00 0.000000000000000000e+00 0.000000000000000000e+00 1.000000000000000000e+00 2.119572516455459663e+02
1.000000000000000000e+00 0.000000000000000000e+00 0.000000000000000000e+00 -9.802610593904287128e+00 0.000000000000000000e+00 1.000000000000000000e+00 0.000000000000000000e+00 -3.370371055715242647e+00 0.000000000000000000e+00 0.000000000000000000e+00 1.000000000000000000e+00 2.126689978017616340e+02
1.000000000000000000e+00 0.000000000000000000e+00 0.000000000000000000e+00 -9.969557705391675739e+00 0.000000000000000000e+00 1.000000000000000000e+00 0.000000000000000000e+00 -3.384909563623825335e+00 0.000000000000000000e+00 0.000000000000000000e+00 1.000000000000000000e+00 2.136038930191803047e+02
1.000000000000000000e+00 0.000000000000000000e+00 0.000000000000000000e+00 -1.006721108691814592e+01 0.000000000000000000e+00 1.000000000000000000e+00 0.000000000000000000e+00 -3.406167230494776987e+00 0.000000000000000000e+00 0.000000000000000000e+00 1.000000000000000000e+00 2.142777072562980720e+02
1.000000000000000000e+00 0.000000000000000000e+00 0.000000000000000000e+00 -1.023927579360130480e+01 0.000000000000000000e+00 1.000000000000000000e+00 0.000000000000000000e+00 -3.420430234559336924e+00 0.000000000000000000e+00 0.000000000000000000e+00 1.000000000000000000e+00 2.148730123414802620e+02
1.000000000000000000e+00 0.000000000000000000e+00 0.000000000000000000e+00 -1.044315903918865374e+01 0.000000000000000000e+00 1.000000000000000000e+00 0.000000000000000000e+00 -3.426912745852479958e+00 0.000000000000000000e+00 0.000000000000000000e+00 1.000000000000000000e+00 2.155425938143539497e+02
1.000000000000000000e+00 0.000000000000000000e+00 0.000000000000000000e+00 -1.029854599671486071e+01 0.000000000000000000e+00 1.000000000000000000e+00 0.000000000000000000e+00 -3.445026649553785347e+00 0.000000000000000000e+00 0.000000000000000000e+00 1.000000000000000000e+00 2.164458343758392402e+02
1.000000000000000000e+00 0.000000000000000000e+00 0.000000000000000000e+00 -9.904876391459733753e+00 0.000000000000000000e+00 1.000000000000000000e+00 0.000000000000000000e+00 -3.488694182057390236e+00 0.000000000000000000e+00 0.000000000000000000e+00 1.000000000000000000e+00 2.174574762358474800e+02
1.000000000000000000e+00 0.000000000000000000e+00 0.000000000000000000e+00 -9.540342669059068470e+00 0.000000000000000000e+00 1.000000000000000000e+00 0.000000000000000000e+00 -3.535945179332504296e+00 0.000000000000000000e+00 0.000000000000000000e+00 1.000000000000000000e+00 2.185129214300918647e+02
1.000000000000000000e+00 0.000000000000000000e+00 0.000000000000000000e+00 -9.332301194835931568e+00 0.000000000000000000e+00 1.000000000000000000e+00 0.000000000000000000e+00 -3.557927547414312386e+00 0.000000000000000000e+00 0.000000000000000000e+00 1.000000000000000000e+00 2.194107247366714546e+02
1.000000000000000000e+00 0.000000000000000000e+00 0.000000000000000000e+00 -9.103593106437951832e+00 0.000000000000000000e+00 1.000000000000000000e+00 0.000000000000000000e+00 -3.577546235565552735e+00 0.000000000000000000e+00 0.000000000000000000e+00 1.000000000000000000e+00 2.203107708468246528e+02
1.000000000000000000e+00 0.000000000000000000e+00 0.000000000000000000e+00 -8.999649795759946613e+00 0.000000000000000000e+00 1.000000000000000000e+00 0.000000000000000000e+00 -3.581287674531797194e+00 0.000000000000000000e+00 0.000000000000000000e+00 1.000000000000000000e+00 2.210391868724632332e+02
1.000000000000000000e+00 0.000000000000000000e+00 0.000000000000000000e+00 -8.800226423014432697e+00 0.000000000000000000e+00 1.000000000000000000e+00 0.000000000000000000e+00 -3.590073546320656561e+00 0.000000000000000000e+00 0.000000000000000000e+00 1.000000000000000000e+00 2.218147373571205208e+02
1.000000000000000000e+00 0.000000000000000000e+00 0.000000000000000000e+00 -8.664159673322469501e+00 0.000000000000000000e+00 1.000000000000000000e+00 0.000000000000000000e+00 -3.592125005480358624e+00 0.000000000000000000e+00 0.000000000000000000e+00 1.000000000000000000e+00 2.226400707735824653e+02
1.000000000000000000e+00 0.000000000000000000e+00 0.000000000000000000e+00 -8.560171063114434986e+00 0.000000000000000000e+00 1.000000000000000000e+00 0.000000000000000000e+00 -3.606551292743990444e+00 0.000000000000000000e+00 0.000000000000000000e+00 1.000000000000000000e+00 2.236008901967811653e+02
1.000000000000000000e+00 0.000000000000000000e+00 0.000000000000000000e+00 -8.554346750546724110e+00 0.000000000000000000e+00 1.000000000000000000e+00 0.000000000000000000e+00 -3.618919163402626538e+00 0.000000000000000000e+00 0.000000000000000000e+00 1.000000000000000000e+00 2.247170701398658821e+02
1.000000000000000000e+00 0.000000000000000000e+00 0.000000000000000000e+00 -8.606623458732396870e+00 0.000000000000000000e+00 1.000000000000000000e+00 0.000000000000000000e+00 -3.628689858522722744e+00 0.000000000000000000e+00 0.000000000000000000e+00 1.000000000000000000e+00 2.258973688258934089e+02
1.000000000000000000e+00 0.000000000000000000e+00 0.000000000000000000e+00 -8.621989470962912350e+00 0.000000000000000000e+00 1.000000000000000000e+00 0.000000000000000000e+00 -3.647367806565473103e+00 0.000000000000000000e+00 0.000000000000000000e+00 1.000000000000000000e+00 2.269315132274437019e+02
1.000000000000000000e+00 0.000000000000000000e+00 0.000000000000000000e+00 -8.278363865856558590e+00 0.000000000000000000e+00 1.000000000000000000e+00 0.000000000000000000e+00 -3.699478318375060582e+00 0.000000000000000000e+00 0.000000000000000000e+00 1.000000000000000000e+00 2.277825552596855232e+02
1.000000000000000000e+00 0.000000000000000000e+00 0.000000000000000000e+00 -8.105883565787703304e+00 0.000000000000000000e+00 1.000000000000000000e+00 0.000000000000000000e+00 -3.725115009975144886e+00 0.000000000000000000e+00 0.000000000000000000e+00 1.000000000000000000e+00 2.282785851135063240e+02
1.000000000000000000e+00 0.000000000000000000e+00 0.000000000000000000e+00 -8.025834416095644741e+00 0.000000000000000000e+00 1.000000000000000000e+00 0.000000000000000000e+00 -3.730942598470011973e+00 0.000000000000000000e+00 0.000000000000000000e+00 1.000000000000000000e+00 2.290376823916244575e+02
1.000000000000000000e+00 0.000000000000000000e+00 0.000000000000000000e+00 -7.937026140336424618e+00 0.000000000000000000e+00 1.000000000000000000e+00 0.000000000000000000e+00 -3.737026391942510628e+00 0.000000000000000000e+00 0.000000000000000000e+00 1.000000000000000000e+00 2.300064463391113350e+02
1.000000000000000000e+00 0.000000000000000000e+00 0.000000000000000000e+00 -7.926060254741937428e+00 0.000000000000000000e+00 1.000000000000000000e+00 0.000000000000000000e+00 -3.745551180486092591e+00 0.000000000000000000e+00 0.000000000000000000e+00 1.000000000000000000e+00 2.311845161690521309e+02
1.000000000000000000e+00 0.000000000000000000e+00 0.000000000000000000e+00 -7.756339321900636463e+00 0.000000000000000000e+00 1.000000000000000000e+00 0.000000000000000000e+00 -3.771859091166863465e+00 0.000000000000000000e+00 0.000000000000000000e+00 1.000000000000000000e+00 2.324363842978286812e+02
1.000000000000000000e+00 0.000000000000000000e+00 0.000000000000000000e+00 -7.430901567508012562e+00 0.000000000000000000e+00 1.000000000000000000e+00 0.000000000000000000e+00 -3.800650235657105469e+00 0.000000000000000000e+00 0.000000000000000000e+00 1.000000000000000000e+00 2.337906284107971260e+02
1.000000000000000000e+00 0.000000000000000000e+00 0.000000000000000000e+00 -7.306819352377683430e+00 0.000000000000000000e+00 1.000000000000000000e+00 0.000000000000000000e+00 -3.834284145776639008e+00 0.000000000000000000e+00 0.000000000000000000e+00 1.000000000000000000e+00 2.351240913643646309e+02
1.000000000000000000e+00 0.000000000000000000e+00 0.000000000000000000e+00 -7.198866891731054096e+00 0.000000000000000000e+00 1.000000000000000000e+00 0.000000000000000000e+00 -3.895611845348486924e+00 0.000000000000000000e+00 0.000000000000000000e+00 1.000000000000000000e+00 2.364589880480575630e+02
1.000000000000000000e+00 0.000000000000000000e+00 0.000000000000000000e+00 -7.218596861754090099e+00 0.000000000000000000e+00 1.000000000000000000e+00 0.000000000000000000e+00 -3.941212509219059967e+00 0.000000000000000000e+00 0.000000000000000000e+00 1.000000000000000000e+00 2.376174701227951118e+02
1.000000000000000000e+00 0.000000000000000000e+00 0.000000000000000000e+00 -7.275879168008000164e+00 0.000000000000000000e+00 1.000000000000000000e+00 0.000000000000000000e+00 -3.983600061778435730e+00 0.000000000000000000e+00 0.000000000000000000e+00 1.000000000000000000e+00 2.387736367955017158e+02
1.000000000000000000e+00 0.000000000000000000e+00 0.000000000000000000e+00 -7.390462131295830517e+00 0.000000000000000000e+00 1.000000000000000000e+00 0.000000000000000000e+00 -4.020220347140440964e+00 0.000000000000000000e+00 0.000000000000000000e+00 1.000000000000000000e+00 2.396979919447708198e+02
1.000000000000000000e+00 0.000000000000000000e+00 0.000000000000000000e+00 -7.328157694135338573e+00 0.000000000000000000e+00 1.000000000000000000e+00 0.000000000000000000e+00 -4.061145227794060730e+00 0.000000000000000000e+00 0.000000000000000000e+00 1.000000000000000000e+00 2.405079623236465522e+02
1.000000000000000000e+00 0.000000000000000000e+00 0.000000000000000000e+00 -7.135226384792954235e+00 0.000000000000000000e+00 1.000000000000000000e+00 0.000000000000000000e+00 -4.082529407386193299e+00 0.000000000000000000e+00 0.000000000000000000e+00 1.000000000000000000e+00 2.413883710875320503e+02
1.000000000000000000e+00 0.000000000000000000e+00 0.000000000000000000e+00 -7.064761900399357586e+00 0.000000000000000000e+00 1.000000000000000000e+00 0.000000000000000000e+00 -4.100997481886754059e+00 0.000000000000000000e+00 0.000000000000000000e+00 1.000000000000000000e+00 2.423212843909072944e+02
1.000000000000000000e+00 0.000000000000000000e+00 0.000000000000000000e+00 -7.212359556053311138e+00 0.000000000000000000e+00 1.000000000000000000e+00 0.000000000000000000e+00 -4.114112150315651917e+00 0.000000000000000000e+00 0.000000000000000000e+00 1.000000000000000000e+00 2.431442632450866768e+02
1.000000000000000000e+00 0.000000000000000000e+00 0.000000000000000000e+00 -7.424934306238323956e+00 0.000000000000000000e+00 1.000000000000000000e+00 0.000000000000000000e+00 -4.125430059079537415e+00 0.000000000000000000e+00 0.000000000000000000e+00 1.000000000000000000e+00 2.440575034394073555e+02
1.000000000000000000e+00 0.000000000000000000e+00 0.000000000000000000e+00 -7.261706211660534649e+00 0.000000000000000000e+00 1.000000000000000000e+00 0.000000000000000000e+00 -4.157013368253121399e+00 0.000000000000000000e+00 0.000000000000000000e+00 1.000000000000000000e+00 2.450801570191192695e+02
1.000000000000000000e+00 0.000000000000000000e+00 0.000000000000000000e+00 -7.288414164502651005e+00 0.000000000000000000e+00 1.000000000000000000e+00 0.000000000000000000e+00 -4.172763165478119873e+00 0.000000000000000000e+00 0.000000000000000000e+00 1.000000000000000000e+00 2.462498578800964424e+02
1.000000000000000000e+00 0.000000000000000000e+00 0.000000000000000000e+00 -7.432622238118678837e+00 0.000000000000000000e+00 1.000000000000000000e+00 0.000000000000000000e+00 -4.174795105979303145e+00 0.000000000000000000e+00 0.000000000000000000e+00 1.000000000000000000e+00 2.473364043011474678e+02
1.000000000000000000e+00 0.000000000000000000e+00 0.000000000000000000e+00 -7.257678761203319340e+00 0.000000000000000000e+00 1.000000000000000000e+00 0.000000000000000000e+00 -4.187488034293512129e+00 0.000000000000000000e+00 0.000000000000000000e+00 1.000000000000000000e+00 2.483630995526123115e+02
